@ NAME             %04s "CORR"
@ TYPE             %04s "CORR"
@ TITLE            %08s "no-title"
@ ORIGIN           %22s "MAD-X 5.02.00 Linux 64"
@ DATE             %08s "10/04/15"
@ TIME             %08s "10.48.50"
* NAME                           PX.OLD             PY.OLD      PX.CORRECTION      PY.CORRECTION 
$ %s                                %le                %le                %le                %le 
 "MCBWV.4L3.B2"                       0                  0                  0                  0
 "MCBWH.5L3.B2"                       0                  0                  0                  0
 "MCBCV.6L3.B2"                       0                  0                  0                  0
 "MCBCH.7L3.B2"                       0                  0                  0                  0
 "MCBCV.8L3.B2"                       0   -2.218945592e-07                  0   -2.218945592e-07
 "MCBCH.9L3.B2"                       0                  0                  0                  0
 "MCBCV.10L3.B2"                      0    5.464049056e-06                  0    5.464049056e-06
 "MCBH.11L3.B2"                       0                  0                  0                  0
 "MCBV.12L3.B2"                       0    1.823778823e-05                  0    1.823778823e-05
 "MCBH.13L3.B2"                       0                  0                  0                  0
 "MCBV.14L3.B2"                       0    1.107511669e-05                  0    1.107511669e-05
 "MCBH.15L3.B2"                       0                  0                  0                  0
 "MCBV.16L3.B2"                       0     9.23867221e-06                  0     9.23867221e-06
 "MCBH.17L3.B2"                       0                  0                  0                  0
 "MCBV.18L3.B2"                       0    1.597774588e-05                  0    1.597774588e-05
 "MCBH.19L3.B2"                       0                  0                  0                  0
 "MCBV.20L3.B2"                       0    6.769369356e-06                  0    6.769369356e-06
 "MCBH.21L3.B2"                       0                  0                  0                  0
 "MCBV.22L3.B2"                       0    8.787480183e-06                  0    8.787480183e-06
 "MCBH.23L3.B2"                       0                  0                  0                  0
 "MCBV.24L3.B2"                       0    5.125477444e-06                  0    5.125477444e-06
 "MCBH.25L3.B2"                       0                  0                  0                  0
 "MCBV.26L3.B2"                       0                  0                  0                  0
 "MCBH.27L3.B2"                       0                  0                  0                  0
 "MCBV.28L3.B2"                       0    3.145035123e-06                  0    3.145035123e-06
 "MCBH.29L3.B2"                       0                  0                  0                  0
 "MCBV.30L3.B2"                       0    1.352677587e-06                  0    1.352677587e-06
 "MCBH.31L3.B2"                       0                  0                  0                  0
 "MCBV.32L3.B2"                       0                  0                  0                  0
 "MCBH.33L3.B2"                       0                  0                  0                  0
 "MCBV.34L3.B2"                       0                  0                  0                  0
 "MCBH.33R2.B2"                       0                  0                  0                  0
 "MCBV.32R2.B2"                       0    5.640876479e-06                  0    5.640876479e-06
 "MCBH.31R2.B2"                       0                  0                  0                  0
 "MCBV.30R2.B2"                       0     1.54227186e-05                  0     1.54227186e-05
 "MCBH.29R2.B2"                       0                  0                  0                  0
 "MCBV.28R2.B2"                       0    1.666650968e-05                  0    1.666650968e-05
 "MCBH.27R2.B2"                       0                  0                  0                  0
 "MCBV.26R2.B2"                       0    2.625614963e-05                  0    2.625614963e-05
 "MCBH.25R2.B2"                       0                  0                  0                  0
 "MCBV.24R2.B2"                       0                  0                  0                  0
 "MCBH.23R2.B2"                       0                  0                  0                  0
 "MCBV.22R2.B2"                       0    7.596727461e-06                  0    7.596727461e-06
 "MCBH.21R2.B2"                       0                  0                  0                  0
 "MCBV.20R2.B2"                       0    -7.48984376e-06                  0    -7.48984376e-06
 "MCBH.19R2.B2"                       0                  0                  0                  0
 "MCBV.18R2.B2"                       0   -6.638715509e-06                  0   -6.638715509e-06
 "MCBH.17R2.B2"                       0                  0                  0                  0
 "MCBV.16R2.B2"                       0   -7.064414676e-06                  0   -7.064414676e-06
 "MCBH.15R2.B2"                       0                  0                  0                  0
 "MCBV.14R2.B2"                       0                  0                  0                  0
 "MCBH.13R2.B2"                       0                  0                  0                  0
 "MCBV.12R2.B2"                       0                  0                  0                  0
 "MCBH.11R2.B2"                       0                  0                  0                  0
 "MCBCV.10R2.B2"                      0    3.675167682e-06                  0    3.675167682e-06
 "MCBCH.9R2.B2"                       0                  0                  0                  0
 "MCBCV.8R2.B2"                       0                  0                  0                  0
 "MCBCH.7R2.B2"                       0                  0                  0                  0
 "MCBCV.6R2.B2"                       0                  0                  0                  0
 "MCBCH.B5R2.B2"                      0                  0                  0                  0
 "MCBCV.5R2.B2"                       0                  0                  0                  0
 "MCBCH.A5R2.B2"                      0                  0                  0                  0
 "MCBYV.B4R2.B2"                      0                  0                  0                  0
 "MCBYH.4R2.B2"                       0                  0                  0                  0
 "MCBYV.A4R2.B2"                      0                  0                  0                  0
 "MCBXV.3R2"                          0                  0                  0                  0
 "MCBXH.3R2"                          0                  0                  0                  0
 "MCBXV.2R2"                          0                  0                  0                  0
 "MCBXH.2R2"                          0                  0                  0                  0
 "MCBXV.1R2"                          0                  0                  0                  0
 "MCBXH.1R2"                          0                  0                  0                  0
 "MBXWT.1R2"                          0                  0                  0                  0
 "MBAW.1R2"                           0                  0                  0                  0
 "MBWMD.1L2"                          0                  0                  0                  0
 "MBXWT.1L2"                          0                  0                  0                  0
 "MCBXV.1L2"                          0                  0                  0                  0
 "MCBXH.1L2"                          0                  0                  0                  0
 "MCBXV.2L2"                          0                  0                  0                  0
 "MCBXH.2L2"                          0                  0                  0                  0
 "MCBXV.3L2"                          0                  0                  0                  0
 "MCBXH.3L2"                          0                  0                  0                  0
 "MCBYH.A4L2.B2"                      0                  0                  0                  0
 "MCBYV.4L2.B2"                       0                  0                  0                  0
 "MCBYH.B4L2.B2"                      0                  0                  0                  0
 "MCBYV.A5L2.B2"                      0                  0                  0                  0
 "MCBYH.5L2.B2"                       0                  0                  0                  0
 "MCBYV.B5L2.B2"                      0                  0                  0                  0
 "MCBCH.6L2.B2"                       0                  0                  0                  0
 "MCBCV.7L2.B2"                       0                  0                  0                  0
 "MCBCH.8L2.B2"                       0                  0                  0                  0
 "MCBCV.9L2.B2"                       0                  0                  0                  0
 "MCBCH.10L2.B2"                      0                  0                  0                  0
 "MCBV.11L2.B2"                       0   -2.572881524e-05                  0   -2.572881524e-05
 "MCBH.12L2.B2"                       0                  0                  0                  0
 "MCBV.13L2.B2"                       0   -1.490403805e-05                  0   -1.490403805e-05
 "MCBH.14L2.B2"                       0                  0                  0                  0
 "MCBV.15L2.B2"                       0   -1.033366937e-05                  0   -1.033366937e-05
 "MCBH.16L2.B2"                       0                  0                  0                  0
 "MCBV.17L2.B2"                       0                  0                  0                  0
 "MCBH.18L2.B2"                       0                  0                  0                  0
 "MCBV.19L2.B2"                       0   -1.243483741e-05                  0   -1.243483741e-05
 "MCBH.20L2.B2"                       0                  0                  0                  0
 "MCBV.21L2.B2"                       0                  0                  0                  0
 "MCBH.22L2.B2"                       0                  0                  0                  0
 "MCBV.23L2.B2"                       0   -5.618235096e-06                  0   -5.618235096e-06
 "MCBH.24L2.B2"                       0                  0                  0                  0
 "MCBV.25L2.B2"                       0    -1.08744055e-05                  0    -1.08744055e-05
 "MCBH.26L2.B2"                       0                  0                  0                  0
 "MCBV.27L2.B2"                       0                  0                  0                  0
 "MCBH.28L2.B2"                       0                  0                  0                  0
 "MCBV.29L2.B2"                       0                  0                  0                  0
 "MCBH.30L2.B2"                       0                  0                  0                  0
 "MCBV.31L2.B2"                       0   -1.089775469e-05                  0   -1.089775469e-05
 "MCBH.32L2.B2"                       0                  0                  0                  0
 "MCBV.33L2.B2"                       0                  0                  0                  0
 "MCBH.34L2.B2"                       0                  0                  0                  0
 "MCBV.33R1.B2"                       0   -1.647699391e-05                  0   -1.647699391e-05
 "MCBH.32R1.B2"                       0                  0                  0                  0
 "MCBV.31R1.B2"                       0   -1.154160895e-05                  0   -1.154160895e-05
 "MCBH.30R1.B2"                       0                  0                  0                  0
 "MCBV.29R1.B2"                       0                  0                  0                  0
 "MCBH.28R1.B2"                       0                  0                  0                  0
 "MCBV.27R1.B2"                       0    1.350949332e-05                  0    1.350949332e-05
 "MCBH.26R1.B2"                       0                  0                  0                  0
 "MCBV.25R1.B2"                       0   -6.930017378e-06                  0   -6.930017378e-06
 "MCBH.24R1.B2"                       0                  0                  0                  0
 "MCBV.23R1.B2"                       0    1.971575618e-05                  0    1.971575618e-05
 "MCBH.22R1.B2"                       0                  0                  0                  0
 "MCBV.21R1.B2"                       0    2.158549428e-05                  0    2.158549428e-05
 "MCBH.20R1.B2"                       0                  0                  0                  0
 "MCBV.19R1.B2"                       0    3.691942431e-06                  0    3.691942431e-06
 "MCBH.18R1.B2"                       0                  0                  0                  0
 "MCBV.17R1.B2"                       0                  0                  0                  0
 "MCBH.16R1.B2"                       0                  0                  0                  0
 "MCBV.15R1.B2"                       0    2.363186143e-05                  0    2.363186143e-05
 "MCBH.14R1.B2"                       0                  0                  0                  0
 "MCBV.13R1.B2"                       0   -1.096060697e-05                  0   -1.096060697e-05
 "MCBH.12R1.B2"                       0                  0                  0                  0
 "MCBV.11R1.B2"                       0    1.081412984e-05                  0    1.081412984e-05
 "MCBCH.10R1.B2"                      0                  0                  0                  0
 "MCBCV.9R1.B2"                       0                  0                  0                  0
 "MCBCH.8R1.B2"                       0                  0                  0                  0
 "MCBCV.7R1.B2"                       0                  0                  0                  0
 "MCBCH.6R1.B2"                       0                  0                  0                  0
 "MCBCV.5R1.B2"                       0                  0                  0                  0
 "MCBYH.B4R1.B2"                      0                  0                  0                  0
 "MCBYV.4R1.B2"                       0                  0                  0                  0
 "MCBYH.A4R1.B2"                      0                  0                  0                  0
 "MCBXV.3R1"                          0                  0                  0                  0
 "MCBXH.3R1"                          0                  0                  0                  0
 "MCBXV.2R1"                          0                  0                  0                  0
 "MCBXH.2R1"                          0                  0                  0                  0
 "MCBXV.1R1"                          0                  0                  0                  0
 "MCBXH.1R1"                          0                  0                  0                  0
 "MCBXV.1L1"                          0                  0                  0                  0
 "MCBXH.1L1"                          0                  0                  0                  0
 "MCBXV.2L1"                          0                  0                  0                  0
 "MCBXH.2L1"                          0                  0                  0                  0
 "MCBXV.3L1"                          0                  0                  0                  0
 "MCBXH.3L1"                          0                  0                  0                  0
 "MCBYV.A4L1.B2"                      0                  0                  0                  0
 "MCBYH.4L1.B2"                       0                  0                  0                  0
 "MCBYV.B4L1.B2"                      0                  0                  0                  0
 "MCBCH.5L1.B2"                       0                  0                  0                  0
 "MCBCV.6L1.B2"                       0                  0                  0                  0
 "MCBCH.7L1.B2"                       0                  0                  0                  0
 "MCBCV.8L1.B2"                       0                  0                  0                  0
 "MCBCH.9L1.B2"                       0                  0                  0                  0
 "MCBCV.10L1.B2"                      0   -1.606645854e-05                  0   -1.606645854e-05
 "MCBH.11L1.B2"                       0                  0                  0                  0
 "MCBV.12L1.B2"                       0                  0                  0                  0
 "MCBH.13L1.B2"                       0                  0                  0                  0
 "MCBV.14L1.B2"                       0    5.516159348e-06                  0    5.516159348e-06
 "MCBH.15L1.B2"                       0                  0                  0                  0
 "MCBV.16L1.B2"                       0                  0                  0                  0
 "MCBH.17L1.B2"                       0                  0                  0                  0
 "MCBV.18L1.B2"                       0    1.187697053e-05                  0    1.187697053e-05
 "MCBH.19L1.B2"                       0                  0                  0                  0
 "MCBV.20L1.B2"                       0    3.019157099e-06                  0    3.019157099e-06
 "MCBH.21L1.B2"                       0                  0                  0                  0
 "MCBV.22L1.B2"                       0    1.271162578e-05                  0    1.271162578e-05
 "MCBH.23L1.B2"                       0                  0                  0                  0
 "MCBV.24L1.B2"                       0                  0                  0                  0
 "MCBH.25L1.B2"                       0                  0                  0                  0
 "MCBV.26L1.B2"                       0    1.252430677e-05                  0    1.252430677e-05
 "MCBH.27L1.B2"                       0                  0                  0                  0
 "MCBV.28L1.B2"                       0                  0                  0                  0
 "MCBH.29L1.B2"                       0                  0                  0                  0
 "MCBV.30L1.B2"                       0                  0                  0                  0
 "MCBH.31L1.B2"                       0                  0                  0                  0
 "MCBV.32L1.B2"                       0                  0                  0                  0
 "MCBH.33L1.B2"                       0                  0                  0                  0
 "MCBV.34L1.B2"                       0                  0                  0                  0
 "MCBH.33R8.B2"                       0                  0                  0                  0
 "MCBV.32R8.B2"                       0                  0                  0                  0
 "MCBH.31R8.B2"                       0                  0                  0                  0
 "MCBV.30R8.B2"                       0                  0                  0                  0
 "MCBH.29R8.B2"                       0                  0                  0                  0
 "MCBV.28R8.B2"                       0    4.669871414e-06                  0    4.669871414e-06
 "MCBH.27R8.B2"                       0                  0                  0                  0
 "MCBV.26R8.B2"                       0                  0                  0                  0
 "MCBH.25R8.B2"                       0                  0                  0                  0
 "MCBV.24R8.B2"                       0   -1.804156229e-05                  0   -1.804156229e-05
 "MCBH.23R8.B2"                       0                  0                  0                  0
 "MCBV.22R8.B2"                       0    4.160617013e-06                  0    4.160617013e-06
 "MCBH.21R8.B2"                       0                  0                  0                  0
 "MCBV.20R8.B2"                       0                  0                  0                  0
 "MCBH.19R8.B2"                       0                  0                  0                  0
 "MCBV.18R8.B2"                       0                  0                  0                  0
 "MCBH.17R8.B2"                       0                  0                  0                  0
 "MCBV.16R8.B2"                       0                  0                  0                  0
 "MCBH.15R8.B2"                       0                  0                  0                  0
 "MCBV.14R8.B2"                       0                  0                  0                  0
 "MCBH.13R8.B2"                       0                  0                  0                  0
 "MCBV.12R8.B2"                       0   -3.789652372e-06                  0   -3.789652372e-06
 "MCBH.11R8.B2"                       0                  0                  0                  0
 "MCBCV.10R8.B2"                      0                  0                  0                  0
 "MCBCH.9R8.B2"                       0                  0                  0                  0
 "MCBCV.8R8.B2"                       0                  0                  0                  0
 "MCBCH.7R8.B2"                       0                  0                  0                  0
 "MCBCV.6R8.B2"                       0                  0                  0                  0
 "MCBYH.B5R8.B2"                      0                  0                  0                  0
 "MCBYV.5R8.B2"                       0                  0                  0                  0
 "MCBYH.A5R8.B2"                      0                  0                  0                  0
 "MCBYV.B4R8.B2"                      0                  0                  0                  0
 "MCBYH.4R8.B2"                       0                  0                  0                  0
 "MCBYV.A4R8.B2"                      0                  0                  0                  0
 "MCBXV.3R8"                          0                  0                  0                  0
 "MCBXH.3R8"                          0                  0                  0                  0
 "MCBXV.2R8"                          0                  0                  0                  0
 "MCBXH.2R8"                          0                  0                  0                  0
 "MCBXV.1R8"                          0                  0                  0                  0
 "MCBXH.1R8"                          0                  0                  0                  0
 "MBXWS.1R8"                          0                  0                  0                  0
 "MBLW.1R8"                           0                  0                  0                  0
 "MBXWH.1L8"                          0                  0                  0                  0
 "MBXWS.1L8"                          0                  0                  0                  0
 "MCBXV.1L8"                          0                  0                  0                  0
 "MCBXH.1L8"                          0                  0                  0                  0
 "MCBXV.2L8"                          0                  0                  0                  0
 "MCBXH.2L8"                          0                  0                  0                  0
 "MCBXV.3L8"                          0                  0                  0                  0
 "MCBXH.3L8"                          0                  0                  0                  0
 "MCBYH.A4L8.B2"                      0                  0                  0                  0
 "MCBYV.4L8.B2"                       0                  0                  0                  0
 "MCBYH.B4L8.B2"                      0                  0                  0                  0
 "MCBCV.A5L8.B2"                      0                  0                  0                  0
 "MCBCH.5L8.B2"                       0                  0                  0                  0
 "MCBCV.B5L8.B2"                      0                  0                  0                  0
 "MCBCH.6L8.B2"                       0                  0                  0                  0
 "MCBCV.7L8.B2"                       0                  0                  0                  0
 "MCBCH.8L8.B2"                       0                  0                  0                  0
 "MCBCV.9L8.B2"                       0    3.920402378e-08                  0    3.920402378e-08
 "MCBCH.10L8.B2"                      0                  0                  0                  0
 "MCBV.11L8.B2"                       0                  0                  0                  0
 "MCBH.12L8.B2"                       0                  0                  0                  0
 "MCBV.13L8.B2"                       0    5.618738476e-06                  0    5.618738476e-06
 "MCBH.14L8.B2"                       0                  0                  0                  0
 "MCBV.15L8.B2"                       0    6.042758934e-06                  0    6.042758934e-06
 "MCBH.16L8.B2"                       0                  0                  0                  0
 "MCBV.17L8.B2"                       0                  0                  0                  0
 "MCBH.18L8.B2"                       0                  0                  0                  0
 "MCBV.19L8.B2"                       0                  0                  0                  0
 "MCBH.20L8.B2"                       0                  0                  0                  0
 "MCBV.21L8.B2"                       0    7.281187922e-06                  0    7.281187922e-06
 "MCBH.22L8.B2"                       0                  0                  0                  0
 "MCBV.23L8.B2"                       0                  0                  0                  0
 "MCBH.24L8.B2"                       0                  0                  0                  0
 "MCBV.25L8.B2"                       0                  0                  0                  0
 "MCBH.26L8.B2"                       0                  0                  0                  0
 "MCBV.27L8.B2"                       0                  0                  0                  0
 "MCBH.28L8.B2"                       0                  0                  0                  0
 "MCBV.29L8.B2"                       0    2.024819329e-05                  0    2.024819329e-05
 "MCBH.30L8.B2"                       0                  0                  0                  0
 "MCBV.31L8.B2"                       0    5.702707916e-06                  0    5.702707916e-06
 "MCBH.32L8.B2"                       0                  0                  0                  0
 "MCBV.33L8.B2"                       0    2.845104551e-06                  0    2.845104551e-06
 "MCBH.34L8.B2"                       0                  0                  0                  0
 "MCBV.33R7.B2"                       0    3.525523935e-06                  0    3.525523935e-06
 "MCBH.32R7.B2"                       0                  0                  0                  0
 "MCBV.31R7.B2"                       0                  0                  0                  0
 "MCBH.30R7.B2"                       0                  0                  0                  0
 "MCBV.29R7.B2"                       0   -8.436461911e-06                  0   -8.436461911e-06
 "MCBH.28R7.B2"                       0                  0                  0                  0
 "MCBV.27R7.B2"                       0   -5.917011295e-06                  0   -5.917011295e-06
 "MCBH.26R7.B2"                       0                  0                  0                  0
 "MCBV.25R7.B2"                       0                  0                  0                  0
 "MCBH.24R7.B2"                       0                  0                  0                  0
 "MCBV.23R7.B2"                       0                  0                  0                  0
 "MCBH.22R7.B2"                       0                  0                  0                  0
 "MCBV.21R7.B2"                       0    -9.34089045e-06                  0    -9.34089045e-06
 "MCBH.20R7.B2"                       0                  0                  0                  0
 "MCBV.19R7.B2"                       0   -4.607395269e-06                  0   -4.607395269e-06
 "MCBH.18R7.B2"                       0                  0                  0                  0
 "MCBV.17R7.B2"                       0                  0                  0                  0
 "MCBH.16R7.B2"                       0                  0                  0                  0
 "MCBV.15R7.B2"                       0    1.119130012e-05                  0    1.291024545e-05
 "MCBH.14R7.B2"                       0                  0                  0                  0
 "MCBV.13R7.B2"                       0    8.489041589e-06                  0    8.489041589e-06
 "MCBH.12R7.B2"                       0                  0                  0                  0
 "MCBV.11R7.B2"                       0                  0                  0    2.273789141e-06
 "MCBCH.10R7.B2"                      0                  0                  0                  0
 "MCBCV.9R7.B2"                       0    5.566122942e-06                  0    5.566122942e-06
 "MCBCH.8R7.B2"                       0                  0                  0                  0
 "MCBCV.7R7.B2"                       0     7.82165397e-06                  0     7.82165397e-06
 "MCBCH.6R7.B2"                       0                  0                  0                  0
 "MCBWV.5R7.B2"                       0                  0                  0                  0
 "MCBWH.4R7.B2"                       0                  0                  0                  0
 "MCBWV.4L7.B2"                       0                  0                  0                  0
 "MCBWH.5L7.B2"                       0                  0                  0                  0
 "MCBCV.6L7.B2"                       0   -3.849114757e-06                  0   -6.369943731e-07
 "MCBCH.7L7.B2"                       0                  0                  0                  0
 "MCBCV.8L7.B2"                       0                  0                  0                  0
 "MCBCH.9L7.B2"                       0                  0                  0                  0
 "MCBCV.10L7.B2"                      0                  0                  0    2.050072653e-06
 "MCBH.11L7.B2"                       0                  0                  0                  0
 "MCBV.12L7.B2"                       0                  0                  0    4.284314346e-06
 "MCBH.13L7.B2"                       0                  0                  0                  0
 "MCBV.14L7.B2"                       0                  0                  0                  0
 "MCBH.15L7.B2"                       0                  0                  0                  0
 "MCBV.16L7.B2"                       0   -9.085128549e-06                  0   -9.085128549e-06
 "MCBH.17L7.B2"                       0                  0                  0                  0
 "MCBV.18L7.B2"                       0                  0                  0    2.723127604e-06
 "MCBH.19L7.B2"                       0                  0                  0                  0
 "MCBV.20L7.B2"                       0    1.301896665e-05                  0    8.519140072e-06
 "MCBH.21L7.B2"                       0                  0                  0                  0
 "MCBV.22L7.B2"                       0                  0                  0    -9.81234014e-07
 "MCBH.23L7.B2"                       0                  0                  0                  0
 "MCBV.24L7.B2"                       0                  0                  0   -2.854230348e-06
 "MCBH.25L7.B2"                       0                  0                  0                  0
 "MCBV.26L7.B2"                       0                  0                  0   -9.404894896e-06
 "MCBH.27L7.B2"                       0                  0                  0                  0
 "MCBV.28L7.B2"                       0   -4.994880874e-06                  0   -4.994880874e-06
 "MCBH.29L7.B2"                       0                  0                  0                  0
 "MCBV.30L7.B2"                       0                  0                  0   -6.053849123e-06
 "MCBH.31L7.B2"                       0                  0                  0                  0
 "MCBV.32L7.B2"                       0                  0                  0   -1.309035695e-06
 "MCBH.33L7.B2"                       0                  0                  0                  0
 "MCBV.34L7.B2"                       0                  0                  0    4.746128339e-06
 "MCBH.33R6.B2"                       0                  0                  0                  0
 "MCBV.32R6.B2"                       0   -9.748576209e-06                  0   -9.748576209e-06
 "MCBH.31R6.B2"                       0                  0                  0                  0
 "MCBV.30R6.B2"                       0                  0                  0                  0
 "MCBH.29R6.B2"                       0                  0                  0                  0
 "MCBV.28R6.B2"                       0                  0                  0    3.945890814e-06
 "MCBH.27R6.B2"                       0                  0                  0                  0
 "MCBV.26R6.B2"                       0   -2.238817047e-06                  0   -7.857978344e-06
 "MCBH.25R6.B2"                       0                  0                  0                  0
 "MCBV.24R6.B2"                       0   -1.524192281e-05                  0   -1.326749614e-05
 "MCBH.23R6.B2"                       0                  0                  0                  0
 "MCBV.22R6.B2"                       0                  0                  0                  0
 "MCBH.21R6.B2"                       0                  0                  0                  0
 "MCBV.20R6.B2"                       0                  0                  0   -2.579796826e-06
 "MCBH.19R6.B2"                       0                  0                  0                  0
 "MCBV.18R6.B2"                       0                  0                  0   -2.497938229e-06
 "MCBH.17R6.B2"                       0                  0                  0                  0
 "MCBV.16R6.B2"                       0                  0                  0                  0
 "MCBH.15R6.B2"                       0                  0                  0                  0
 "MCBV.14R6.B2"                       0   -7.434529718e-06                  0     -1.1669314e-05
 "MCBH.13R6.B2"                       0                  0                  0                  0
 "MCBV.12R6.B2"                       0                  0                  0    4.069148097e-06
 "MCBH.11R6.B2"                       0                  0                  0                  0
 "MCBCV.10R6.B2"                      0                  0                  0                  0
 "MCBCH.9R6.B2"                       0                  0                  0                  0
 "MCBCV.8R6.B2"                       0                  0                  0    1.702502253e-06
 "MCBYH.5R6.B2"                       0                  0                  0                  0
 "MCBYV.4R6.B2"                       0                  0                  0                  0
 "MCBYH.4L6.B2"                       0                  0                  0                  0
 "MCBYV.5L6.B2"                       0   -1.907936879e-06                  0   -4.734413233e-08
 "MCBCH.8L6.B2"                       0                  0                  0                  0
 "MCBCV.9L6.B2"                       0    5.330337444e-07                  0    5.330337444e-07
 "MCBCH.10L6.B2"                      0                  0                  0                  0
 "MCBV.11L6.B2"                       0                  0                  0     5.71979396e-06
 "MCBH.12L6.B2"                       0                  0                  0                  0
 "MCBV.13L6.B2"                       0    1.495362911e-05                  0    1.486659061e-05
 "MCBH.14L6.B2"                       0                  0                  0                  0
 "MCBV.15L6.B2"                       0    1.114474796e-05                  0     1.97075177e-05
 "MCBH.16L6.B2"                       0                  0                  0                  0
 "MCBV.17L6.B2"                       0    1.190231834e-05                  0    1.190231834e-05
 "MCBH.18L6.B2"                       0                  0                  0                  0
 "MCBV.19L6.B2"                       0                  0                  0     1.14705665e-05
 "MCBH.20L6.B2"                       0                  0                  0                  0
 "MCBV.21L6.B2"                       0    1.883737184e-05                  0    1.883737184e-05
 "MCBH.22L6.B2"                       0                  0                  0                  0
 "MCBV.23L6.B2"                       0    1.498385146e-05                  0    2.543912176e-05
 "MCBH.24L6.B2"                       0                  0                  0                  0
 "MCBV.25L6.B2"                       0    1.382706966e-05                  0    1.382706966e-05
 "MCBH.26L6.B2"                       0                  0                  0                  0
 "MCBV.27L6.B2"                       0                  0                  0     1.10759614e-05
 "MCBH.28L6.B2"                       0                  0                  0                  0
 "MCBV.29L6.B2"                       0    8.739741519e-06                  0    8.739741519e-06
 "MCBH.30L6.B2"                       0                  0                  0                  0
 "MCBV.31L6.B2"                       0    1.239448227e-05                  0    2.427123208e-05
 "MCBH.32L6.B2"                       0                  0                  0                  0
 "MCBV.33L6.B2"                       0    6.569367833e-06                  0    6.569367833e-06
 "MCBH.34L6.B2"                       0                  0                  0                  0
 "MCBV.33R5.B2"                       0                  0                  0    9.722517803e-06
 "MCBH.32R5.B2"                       0                  0                  0                  0
 "MCBV.31R5.B2"                       0                  0                  0                  0
 "MCBH.30R5.B2"                       0                  0                  0                  0
 "MCBV.29R5.B2"                       0                  0                  0    3.754349658e-06
 "MCBH.28R5.B2"                       0                  0                  0                  0
 "MCBV.27R5.B2"                       0    1.088038553e-05                  0    1.088038553e-05
 "MCBH.26R5.B2"                       0                  0                  0                  0
 "MCBV.25R5.B2"                       0                  0                  0                  0
 "MCBH.24R5.B2"                       0                  0                  0                  0
 "MCBV.23R5.B2"                       0                  0                  0                  0
 "MCBH.22R5.B2"                       0                  0                  0                  0
 "MCBV.21R5.B2"                       0   -2.807965502e-06                  0   -2.807965502e-06
 "MCBH.20R5.B2"                       0                  0                  0                  0
 "MCBV.19R5.B2"                       0                  0                  0    1.731332042e-06
 "MCBH.18R5.B2"                       0                  0                  0                  0
 "MCBV.17R5.B2"                       0                  0                  0                  0
 "MCBH.16R5.B2"                       0                  0                  0                  0
 "MCBV.15R5.B2"                       0    1.056588069e-05                  0    1.254379679e-05
 "MCBH.14R5.B2"                       0                  0                  0                  0
 "MCBV.13R5.B2"                       0    1.990468428e-05                  0    2.301296825e-05
 "MCBH.12R5.B2"                       0                  0                  0                  0
 "MCBV.11R5.B2"                       0                  0                  0    3.282907419e-06
 "MCBCH.10R5.B2"                      0                  0                  0                  0
 "MCBCV.9R5.B2"                       0                  0                  0    3.942209296e-06
 "MCBCH.8R5.B2"                       0                  0                  0                  0
 "MCBCV.7R5.B2"                       0                  0                  0                  0
 "MCBCH.6R5.B2"                       0                  0                  0                  0
 "MCBCV.5R5.B2"                       0                  0                  0                  0
 "MCBYH.B4R5.B2"                      0                  0                  0                  0
 "MCBYV.4R5.B2"                       0                  0                  0                  0
 "MCBYH.A4R5.B2"                      0                  0                  0                  0
 "MCBXV.3R5"                          0                  0                  0                  0
 "MCBXH.3R5"                          0                  0                  0                  0
 "MCBXV.2R5"                          0                  0                  0                  0
 "MCBXH.2R5"                          0                  0                  0                  0
 "MCBXV.1R5"                          0                  0                  0                  0
 "MCBXH.1R5"                          0                  0                  0                  0
 "MCBXV.1L5"                          0                  0                  0                  0
 "MCBXH.1L5"                          0                  0                  0                  0
 "MCBXV.2L5"                          0                  0                  0                  0
 "MCBXH.2L5"                          0                  0                  0                  0
 "MCBXV.3L5"                          0                  0                  0                  0
 "MCBXH.3L5"                          0                  0                  0                  0
 "MCBYV.A4L5.B2"                      0                  0                  0                  0
 "MCBYH.4L5.B2"                       0                  0                  0                  0
 "MCBYV.B4L5.B2"                      0                  0                  0                  0
 "MCBCH.5L5.B2"                       0                  0                  0                  0
 "MCBCV.6L5.B2"                       0                  0                  0                  0
 "MCBCH.7L5.B2"                       0                  0                  0                  0
 "MCBCV.8L5.B2"                       0                  0                  0                  0
 "MCBCH.9L5.B2"                       0                  0                  0                  0
 "MCBCV.10L5.B2"                      0                  0                  0   -3.235561773e-06
 "MCBH.11L5.B2"                       0                  0                  0                  0
 "MCBV.12L5.B2"                       0   -7.168541197e-06                  0   -7.168541197e-06
 "MCBH.13L5.B2"                       0                  0                  0                  0
 "MCBV.14L5.B2"                       0   -3.448716598e-06                  0   -5.583904916e-06
 "MCBH.15L5.B2"                       0                  0                  0                  0
 "MCBV.16L5.B2"                       0   -1.259592478e-06                  0   -1.259592478e-06
 "MCBH.17L5.B2"                       0                  0                  0                  0
 "MCBV.18L5.B2"                       0   -7.415644359e-06                  0   -7.415644359e-06
 "MCBH.19L5.B2"                       0                  0                  0                  0
 "MCBV.20L5.B2"                       0                  0                  0                  0
 "MCBH.21L5.B2"                       0                  0                  0                  0
 "MCBV.22L5.B2"                       0   -1.119016204e-05                  0   -1.119016204e-05
 "MCBH.23L5.B2"                       0                  0                  0                  0
 "MCBV.24L5.B2"                       0   -5.085034762e-06                  0   -5.085034762e-06
 "MCBH.25L5.B2"                       0                  0                  0                  0
 "MCBV.26L5.B2"                       0   -3.377586836e-06                  0   -3.377586836e-06
 "MCBH.27L5.B2"                       0                  0                  0                  0
 "MCBV.28L5.B2"                       0   -8.366363123e-06                  0   -8.366363123e-06
 "MCBH.29L5.B2"                       0                  0                  0                  0
 "MCBV.30L5.B2"                       0   -4.228219856e-06                  0   -4.228219856e-06
 "MCBH.31L5.B2"                       0                  0                  0                  0
 "MCBV.32L5.B2"                       0                  0                  0                  0
 "MCBH.33L5.B2"                       0                  0                  0                  0
 "MCBV.34L5.B2"                       0                  0                  0                  0
 "MCBH.33R4.B2"                       0                  0                  0                  0
 "MCBV.32R4.B2"                       0   -1.235429011e-05                  0   -1.235429011e-05
 "MCBH.31R4.B2"                       0                  0                  0                  0
 "MCBV.30R4.B2"                       0   -1.172504667e-05                  0   -1.172504667e-05
 "MCBH.29R4.B2"                       0                  0                  0                  0
 "MCBV.28R4.B2"                       0   -2.219418064e-06                  0   -2.219418064e-06
 "MCBH.27R4.B2"                       0                  0                  0                  0
 "MCBV.26R4.B2"                       0   -4.044313915e-06                  0   -4.044313915e-06
 "MCBH.25R4.B2"                       0                  0                  0                  0
 "MCBV.24R4.B2"                       0   -1.375444978e-05                  0   -1.375444978e-05
 "MCBH.23R4.B2"                       0                  0                  0                  0
 "MCBV.22R4.B2"                       0   -8.345160168e-06                  0   -8.345160168e-06
 "MCBH.21R4.B2"                       0                  0                  0                  0
 "MCBV.20R4.B2"                       0   -9.241124615e-06                  0   -9.241124615e-06
 "MCBH.19R4.B2"                       0                  0                  0                  0
 "MCBV.18R4.B2"                       0                  0                  0                  0
 "MCBH.17R4.B2"                       0                  0                  0                  0
 "MCBV.16R4.B2"                       0   -5.137515254e-06                  0   -5.137515254e-06
 "MCBH.15R4.B2"                       0                  0                  0                  0
 "MCBV.14R4.B2"                       0   -1.159980148e-05                  0   -1.159980148e-05
 "MCBH.13R4.B2"                       0                  0                  0                  0
 "MCBV.12R4.B2"                       0    8.555766195e-06                  0    8.555766195e-06
 "MCBH.11R4.B2"                       0                  0                  0                  0
 "MCBCV.10R4.B2"                      0   -5.793880206e-06                  0   -5.793880206e-06
 "MCBCH.9R4.B2"                       0                  0                  0                  0
 "MCBCV.8R4.B2"                       0   -2.187156118e-06                  0   -2.187156118e-06
 "MCBCH.7R4.B2"                       0                  0                  0                  0
 "MCBYV.6R4.B2"                       0   -1.747315284e-06                  0   -1.747315284e-06
 "MCBYH.5R4.B2"                       0                  0                  0                  0
 "MCBYV.5L4.B2"                       0                  0                  0                  0
 "MCBYH.6L4.B2"                       0                  0                  0                  0
 "MCBCV.7L4.B2"                       0    2.435254166e-06                  0    2.435254166e-06
 "MCBCH.8L4.B2"                       0                  0                  0                  0
 "MCBCV.9L4.B2"                       0   -6.232125219e-06                  0   -6.232125219e-06
 "MCBCH.10L4.B2"                      0                  0                  0                  0
 "MCBV.11L4.B2"                       0   -8.898516186e-06                  0   -8.898516186e-06
 "MCBH.12L4.B2"                       0                  0                  0                  0
 "MCBV.13L4.B2"                       0   -2.924237866e-06                  0   -2.924237866e-06
 "MCBH.14L4.B2"                       0                  0                  0                  0
 "MCBV.15L4.B2"                       0                  0                  0                  0
 "MCBH.16L4.B2"                       0                  0                  0                  0
 "MCBV.17L4.B2"                       0   -9.503316134e-06                  0   -9.503316134e-06
 "MCBH.18L4.B2"                       0                  0                  0                  0
 "MCBV.19L4.B2"                       0    4.667715635e-06                  0    4.667715635e-06
 "MCBH.20L4.B2"                       0                  0                  0                  0
 "MCBV.21L4.B2"                       0     1.68989189e-05                  0     1.68989189e-05
 "MCBH.22L4.B2"                       0                  0                  0                  0
 "MCBV.23L4.B2"                       0    9.152813815e-06                  0    9.152813815e-06
 "MCBH.24L4.B2"                       0                  0                  0                  0
 "MCBV.25L4.B2"                       0    2.371498942e-05                  0    2.371498942e-05
 "MCBH.26L4.B2"                       0                  0                  0                  0
 "MCBV.27L4.B2"                       0    1.411597058e-05                  0    1.411597058e-05
 "MCBH.28L4.B2"                       0                  0                  0                  0
 "MCBV.29L4.B2"                       0    9.808228351e-06                  0    9.808228351e-06
 "MCBH.30L4.B2"                       0                  0                  0                  0
 "MCBV.31L4.B2"                       0                  0                  0                  0
 "MCBH.32L4.B2"                       0                  0                  0                  0
 "MCBV.33L4.B2"                       0                  0                  0                  0
 "MCBH.34L4.B2"                       0                  0                  0                  0
 "MCBV.33R3.B2"                       0                  0                  0                  0
 "MCBH.32R3.B2"                       0                  0                  0                  0
 "MCBV.31R3.B2"                       0    2.190326713e-05                  0    2.190326713e-05
 "MCBH.30R3.B2"                       0                  0                  0                  0
 "MCBV.29R3.B2"                       0                  0                  0                  0
 "MCBH.28R3.B2"                       0                  0                  0                  0
 "MCBV.27R3.B2"                       0    4.287543241e-06                  0    4.287543241e-06
 "MCBH.26R3.B2"                       0                  0                  0                  0
 "MCBV.25R3.B2"                       0    7.730947342e-06                  0    7.730947342e-06
 "MCBH.24R3.B2"                       0                  0                  0                  0
 "MCBV.23R3.B2"                       0    8.301464841e-06                  0    8.301464841e-06
 "MCBH.22R3.B2"                       0                  0                  0                  0
 "MCBV.21R3.B2"                       0    1.329354383e-05                  0    1.329354383e-05
 "MCBH.20R3.B2"                       0                  0                  0                  0
 "MCBV.19R3.B2"                       0    1.046345197e-05                  0    1.046345197e-05
 "MCBH.18R3.B2"                       0                  0                  0                  0
 "MCBV.17R3.B2"                       0                  0                  0                  0
 "MCBH.16R3.B2"                       0                  0                  0                  0
 "MCBV.15R3.B2"                       0    1.053274889e-05                  0    1.053274889e-05
 "MCBH.14R3.B2"                       0                  0                  0                  0
 "MCBV.13R3.B2"                       0                  0                  0                  0
 "MCBH.12R3.B2"                       0                  0                  0                  0
 "MCBV.11R3.B2"                       0    1.268873457e-06                  0    1.268873457e-06
 "MCBCH.10R3.B2"                      0                  0                  0                  0
 "MCBCV.9R3.B2"                       0    1.636822708e-05                  0    1.636822708e-05
 "MCBCH.8R3.B2"                       0                  0                  0                  0
 "MCBCV.7R3.B2"                       0   -7.321447134e-06                  0   -7.321447134e-06
 "MCBCH.6R3.B2"                       0                  0                  0                  0
 "MCBWV.5R3.B2"                       0                  0                  0                  0
 "MCBWH.4R3.B2"                       0                  0                  0                  0
