@ NAME             %04s "CORR"
@ TYPE             %04s "CORR"
@ TITLE            %08s "no-title"
@ ORIGIN           %22s "MAD-X 5.02.00 Linux 64"
@ DATE             %08s "10/04/15"
@ TIME             %08s "10.48.50"
* NAME                           PX.OLD             PY.OLD      PX.CORRECTION      PY.CORRECTION 
$ %s                                %le                %le                %le                %le 
 "MCBWV.4L3.B2"                       0                  0                  0                  0
 "MCBWH.5L3.B2"                       0                  0                  0                  0
 "MCBCV.6L3.B2"                       0                  0                  0                  0
 "MCBCH.7L3.B2"          1.15658727e-06                  0     1.15658727e-06                  0
 "MCBCV.8L3.B2"                       0                  0                  0                  0
 "MCBCH.9L3.B2"        -2.994370181e-06                  0   -4.485656274e-06                  0
 "MCBCV.10L3.B2"                      0                  0                  0                  0
 "MCBH.11L3.B2"        -1.528114267e-05                  0   -1.528114267e-05                  0
 "MCBV.12L3.B2"                       0                  0                  0                  0
 "MCBH.13L3.B2"                       0                  0     2.60144996e-07                  0
 "MCBV.14L3.B2"                       0                  0                  0                  0
 "MCBH.15L3.B2"         7.316162344e-06                  0    7.316162344e-06                  0
 "MCBV.16L3.B2"                       0                  0                  0                  0
 "MCBH.17L3.B2"        -3.810696537e-06                  0   -3.810696537e-06                  0
 "MCBV.18L3.B2"                       0                  0                  0                  0
 "MCBH.19L3.B2"          5.30302804e-06                  0     5.30302804e-06                  0
 "MCBV.20L3.B2"                       0                  0                  0                  0
 "MCBH.21L3.B2"         -1.39159821e-05                  0    -1.39159821e-05                  0
 "MCBV.22L3.B2"                       0                  0                  0                  0
 "MCBH.23L3.B2"        -6.171366666e-06                  0   -6.171366666e-06                  0
 "MCBV.24L3.B2"                       0                  0                  0                  0
 "MCBH.25L3.B2"        -9.125225246e-06                  0   -9.125225246e-06                  0
 "MCBV.26L3.B2"                       0                  0                  0                  0
 "MCBH.27L3.B2"        -9.145807475e-06                  0   -9.145807475e-06                  0
 "MCBV.28L3.B2"                       0                  0                  0                  0
 "MCBH.29L3.B2"        -8.717347635e-06                  0   -8.717347635e-06                  0
 "MCBV.30L3.B2"                       0                  0                  0                  0
 "MCBH.31L3.B2"        -8.147917688e-06                  0   -8.147917688e-06                  0
 "MCBV.32L3.B2"                       0                  0                  0                  0
 "MCBH.33L3.B2"                       0                  0                  0                  0
 "MCBV.34L3.B2"                       0                  0                  0                  0
 "MCBH.33R2.B2"          1.60564424e-06                  0     1.60564424e-06                  0
 "MCBV.32R2.B2"                       0                  0                  0                  0
 "MCBH.31R2.B2"        -1.328177191e-05                  0   -1.328177191e-05                  0
 "MCBV.30R2.B2"                       0                  0                  0                  0
 "MCBH.29R2.B2"        -3.894871334e-06                  0   -3.894871334e-06                  0
 "MCBV.28R2.B2"                       0                  0                  0                  0
 "MCBH.27R2.B2"                       0                  0                  0                  0
 "MCBV.26R2.B2"                       0                  0                  0                  0
 "MCBH.25R2.B2"                       0                  0                  0                  0
 "MCBV.24R2.B2"                       0                  0                  0                  0
 "MCBH.23R2.B2"        -1.171337534e-05                  0   -1.171337534e-05                  0
 "MCBV.22R2.B2"                       0                  0                  0                  0
 "MCBH.21R2.B2"                       0                  0                  0                  0
 "MCBV.20R2.B2"                       0                  0                  0                  0
 "MCBH.19R2.B2"        -1.422963478e-05                  0   -1.422963478e-05                  0
 "MCBV.18R2.B2"                       0                  0                  0                  0
 "MCBH.17R2.B2"                       0                  0                  0                  0
 "MCBV.16R2.B2"                       0                  0                  0                  0
 "MCBH.15R2.B2"                       0                  0                  0                  0
 "MCBV.14R2.B2"                       0                  0                  0                  0
 "MCBH.13R2.B2"         2.209371421e-05                  0    2.209371421e-05                  0
 "MCBV.12R2.B2"                       0                  0                  0                  0
 "MCBH.11R2.B2"                       0                  0                  0                  0
 "MCBCV.10R2.B2"                      0                  0                  0                  0
 "MCBCH.9R2.B2"                       0                  0                  0                  0
 "MCBCV.8R2.B2"                       0                  0                  0                  0
 "MCBCH.7R2.B2"         8.130783681e-07                  0    8.130783681e-07                  0
 "MCBCV.6R2.B2"                       0                  0                  0                  0
 "MCBCH.B5R2.B2"                      0                  0                  0                  0
 "MCBCV.5R2.B2"                       0                  0                  0                  0
 "MCBCH.A5R2.B2"                      0                  0                  0                  0
 "MCBYV.B4R2.B2"                      0                  0                  0                  0
 "MCBYH.4R2.B2"                       0                  0                  0                  0
 "MCBYV.A4R2.B2"                      0                  0                  0                  0
 "MCBXV.3R2"                          0                  0                  0                  0
 "MCBXH.3R2"                          0                  0                  0                  0
 "MCBXV.2R2"                          0                  0                  0                  0
 "MCBXH.2R2"                          0                  0                  0                  0
 "MCBXV.1R2"                          0                  0                  0                  0
 "MCBXH.1R2"                          0                  0                  0                  0
 "MBXWT.1R2"                          0                  0                  0                  0
 "MBAW.1R2"                           0                  0                  0                  0
 "MBWMD.1L2"                          0                  0                  0                  0
 "MBXWT.1L2"                          0                  0                  0                  0
 "MCBXV.1L2"                          0                  0                  0                  0
 "MCBXH.1L2"                          0                  0                  0                  0
 "MCBXV.2L2"                          0                  0                  0                  0
 "MCBXH.2L2"                          0                  0                  0                  0
 "MCBXV.3L2"                          0                  0                  0                  0
 "MCBXH.3L2"                          0                  0                  0                  0
 "MCBYH.A4L2.B2"                      0                  0                  0                  0
 "MCBYV.4L2.B2"                       0                  0                  0                  0
 "MCBYH.B4L2.B2"                      0                  0                  0                  0
 "MCBYV.A5L2.B2"                      0                  0                  0                  0
 "MCBYH.5L2.B2"                       0                  0                  0                  0
 "MCBYV.B5L2.B2"                      0                  0                  0                  0
 "MCBCH.6L2.B2"                       0                  0                  0                  0
 "MCBCV.7L2.B2"                       0                  0                  0                  0
 "MCBCH.8L2.B2"                       0                  0                  0                  0
 "MCBCV.9L2.B2"                       0                  0                  0                  0
 "MCBCH.10L2.B2"                      0                  0                  0                  0
 "MCBV.11L2.B2"                       0                  0                  0                  0
 "MCBH.12L2.B2"        -5.676137283e-06                  0   -5.676137283e-06                  0
 "MCBV.13L2.B2"                       0                  0                  0                  0
 "MCBH.14L2.B2"                       0                  0                  0                  0
 "MCBV.15L2.B2"                       0                  0                  0                  0
 "MCBH.16L2.B2"         7.055856753e-06                  0    7.055856753e-06                  0
 "MCBV.17L2.B2"                       0                  0                  0                  0
 "MCBH.18L2.B2"         1.125175413e-05                  0    1.125175413e-05                  0
 "MCBV.19L2.B2"                       0                  0                  0                  0
 "MCBH.20L2.B2"         1.084954944e-05                  0    1.084954944e-05                  0
 "MCBV.21L2.B2"                       0                  0                  0                  0
 "MCBH.22L2.B2"         5.366696045e-06                  0    5.366696045e-06                  0
 "MCBV.23L2.B2"                       0                  0                  0                  0
 "MCBH.24L2.B2"         1.461388264e-05                  0    1.461388264e-05                  0
 "MCBV.25L2.B2"                       0                  0                  0                  0
 "MCBH.26L2.B2"                       0                  0                  0                  0
 "MCBV.27L2.B2"                       0                  0                  0                  0
 "MCBH.28L2.B2"         1.091765799e-05                  0    1.091765799e-05                  0
 "MCBV.29L2.B2"                       0                  0                  0                  0
 "MCBH.30L2.B2"         7.794341072e-06                  0    7.794341072e-06                  0
 "MCBV.31L2.B2"                       0                  0                  0                  0
 "MCBH.32L2.B2"         7.432118524e-06                  0    7.432118524e-06                  0
 "MCBV.33L2.B2"                       0                  0                  0                  0
 "MCBH.34L2.B2"                       0                  0                  0                  0
 "MCBV.33R1.B2"                       0                  0                  0                  0
 "MCBH.32R1.B2"                       0                  0                  0                  0
 "MCBV.31R1.B2"                       0                  0                  0                  0
 "MCBH.30R1.B2"        -7.429452147e-06                  0   -7.429452147e-06                  0
 "MCBV.29R1.B2"                       0                  0                  0                  0
 "MCBH.28R1.B2"                       0                  0                  0                  0
 "MCBV.27R1.B2"                       0                  0                  0                  0
 "MCBH.26R1.B2"                       0                  0                  0                  0
 "MCBV.25R1.B2"                       0                  0                  0                  0
 "MCBH.24R1.B2"                       0                  0                  0                  0
 "MCBV.23R1.B2"                       0                  0                  0                  0
 "MCBH.22R1.B2"                       0                  0                  0                  0
 "MCBV.21R1.B2"                       0                  0                  0                  0
 "MCBH.20R1.B2"        -5.668438505e-06                  0   -5.668438505e-06                  0
 "MCBV.19R1.B2"                       0                  0                  0                  0
 "MCBH.18R1.B2"        -1.265599951e-05                  0   -1.265599951e-05                  0
 "MCBV.17R1.B2"                       0                  0                  0                  0
 "MCBH.16R1.B2"        -9.159067646e-06                  0   -9.159067646e-06                  0
 "MCBV.15R1.B2"                       0                  0                  0                  0
 "MCBH.14R1.B2"        -6.315828767e-06                  0   -6.315828767e-06                  0
 "MCBV.13R1.B2"                       0                  0                  0                  0
 "MCBH.12R1.B2"                       0                  0                  0                  0
 "MCBV.11R1.B2"                       0                  0                  0                  0
 "MCBCH.10R1.B2"                      0                  0                  0                  0
 "MCBCV.9R1.B2"                       0                  0                  0                  0
 "MCBCH.8R1.B2"                       0                  0                  0                  0
 "MCBCV.7R1.B2"                       0                  0                  0                  0
 "MCBCH.6R1.B2"                       0                  0                  0                  0
 "MCBCV.5R1.B2"                       0                  0                  0                  0
 "MCBYH.B4R1.B2"                      0                  0                  0                  0
 "MCBYV.4R1.B2"                       0                  0                  0                  0
 "MCBYH.A4R1.B2"                      0                  0                  0                  0
 "MCBXV.3R1"                          0                  0                  0                  0
 "MCBXH.3R1"                          0                  0                  0                  0
 "MCBXV.2R1"                          0                  0                  0                  0
 "MCBXH.2R1"                          0                  0                  0                  0
 "MCBXV.1R1"                          0                  0                  0                  0
 "MCBXH.1R1"                          0                  0                  0                  0
 "MCBXV.1L1"                          0                  0                  0                  0
 "MCBXH.1L1"                          0                  0                  0                  0
 "MCBXV.2L1"                          0                  0                  0                  0
 "MCBXH.2L1"                          0                  0                  0                  0
 "MCBXV.3L1"                          0                  0                  0                  0
 "MCBXH.3L1"                          0                  0                  0                  0
 "MCBYV.A4L1.B2"                      0                  0                  0                  0
 "MCBYH.4L1.B2"                       0                  0                  0                  0
 "MCBYV.B4L1.B2"                      0                  0                  0                  0
 "MCBCH.5L1.B2"                       0                  0                  0                  0
 "MCBCV.6L1.B2"                       0                  0                  0                  0
 "MCBCH.7L1.B2"                       0                  0                  0                  0
 "MCBCV.8L1.B2"                       0                  0                  0                  0
 "MCBCH.9L1.B2"                       0                  0                  0                  0
 "MCBCV.10L1.B2"                      0                  0                  0                  0
 "MCBH.11L1.B2"        -5.097633693e-06                  0   -5.097633693e-06                  0
 "MCBV.12L1.B2"                       0                  0                  0                  0
 "MCBH.13L1.B2"         4.441160709e-06                  0    4.441160709e-06                  0
 "MCBV.14L1.B2"                       0                  0                  0                  0
 "MCBH.15L1.B2"        -3.556370037e-06                  0   -3.556370037e-06                  0
 "MCBV.16L1.B2"                       0                  0                  0                  0
 "MCBH.17L1.B2"                       0                  0                  0                  0
 "MCBV.18L1.B2"                       0                  0                  0                  0
 "MCBH.19L1.B2"        -4.342663102e-06                  0   -4.342663102e-06                  0
 "MCBV.20L1.B2"                       0                  0                  0                  0
 "MCBH.21L1.B2"        -7.929992396e-06                  0   -7.929992396e-06                  0
 "MCBV.22L1.B2"                       0                  0                  0                  0
 "MCBH.23L1.B2"         1.602591411e-05                  0    1.602591411e-05                  0
 "MCBV.24L1.B2"                       0                  0                  0                  0
 "MCBH.25L1.B2"        -4.967790097e-06                  0   -4.967790097e-06                  0
 "MCBV.26L1.B2"                       0                  0                  0                  0
 "MCBH.27L1.B2"         1.420018612e-06                  0    1.420018612e-06                  0
 "MCBV.28L1.B2"                       0                  0                  0                  0
 "MCBH.29L1.B2"                       0                  0                  0                  0
 "MCBV.30L1.B2"                       0                  0                  0                  0
 "MCBH.31L1.B2"                       0                  0                  0                  0
 "MCBV.32L1.B2"                       0                  0                  0                  0
 "MCBH.33L1.B2"        -6.688629277e-06                  0   -6.688629277e-06                  0
 "MCBV.34L1.B2"                       0                  0                  0                  0
 "MCBH.33R8.B2"                       0                  0                  0                  0
 "MCBV.32R8.B2"                       0                  0                  0                  0
 "MCBH.31R8.B2"                       0                  0                  0                  0
 "MCBV.30R8.B2"                       0                  0                  0                  0
 "MCBH.29R8.B2"                       0                  0                  0                  0
 "MCBV.28R8.B2"                       0                  0                  0                  0
 "MCBH.27R8.B2"         2.014688216e-06                  0    2.014688216e-06                  0
 "MCBV.26R8.B2"                       0                  0                  0                  0
 "MCBH.25R8.B2"                       0                  0                  0                  0
 "MCBV.24R8.B2"                       0                  0                  0                  0
 "MCBH.23R8.B2"        -1.508755027e-06                  0   -1.508755027e-06                  0
 "MCBV.22R8.B2"                       0                  0                  0                  0
 "MCBH.21R8.B2"                       0                  0                  0                  0
 "MCBV.20R8.B2"                       0                  0                  0                  0
 "MCBH.19R8.B2"         4.555900581e-06                  0    4.555900581e-06                  0
 "MCBV.18R8.B2"                       0                  0                  0                  0
 "MCBH.17R8.B2"         5.035582464e-06                  0    5.035582464e-06                  0
 "MCBV.16R8.B2"                       0                  0                  0                  0
 "MCBH.15R8.B2"         -2.93416623e-06                  0    -2.93416623e-06                  0
 "MCBV.14R8.B2"                       0                  0                  0                  0
 "MCBH.13R8.B2"        -4.954451229e-06                  0   -4.954451229e-06                  0
 "MCBV.12R8.B2"                       0                  0                  0                  0
 "MCBH.11R8.B2"         5.225074477e-06                  0    5.225074477e-06                  0
 "MCBCV.10R8.B2"                      0                  0                  0                  0
 "MCBCH.9R8.B2"                       0                  0                  0                  0
 "MCBCV.8R8.B2"                       0                  0                  0                  0
 "MCBCH.7R8.B2"                       0                  0                  0                  0
 "MCBCV.6R8.B2"                       0                  0                  0                  0
 "MCBYH.B5R8.B2"                      0                  0                  0                  0
 "MCBYV.5R8.B2"                       0                  0                  0                  0
 "MCBYH.A5R8.B2"                      0                  0                  0                  0
 "MCBYV.B4R8.B2"                      0                  0                  0                  0
 "MCBYH.4R8.B2"                       0                  0                  0                  0
 "MCBYV.A4R8.B2"                      0                  0                  0                  0
 "MCBXV.3R8"                          0                  0                  0                  0
 "MCBXH.3R8"                          0                  0                  0                  0
 "MCBXV.2R8"                          0                  0                  0                  0
 "MCBXH.2R8"                          0                  0                  0                  0
 "MCBXV.1R8"                          0                  0                  0                  0
 "MCBXH.1R8"                          0                  0                  0                  0
 "MBXWS.1R8"                          0                  0                  0                  0
 "MBLW.1R8"                           0                  0                  0                  0
 "MBXWH.1L8"                          0                  0                  0                  0
 "MBXWS.1L8"                          0                  0                  0                  0
 "MCBXV.1L8"                          0                  0                  0                  0
 "MCBXH.1L8"                          0                  0                  0                  0
 "MCBXV.2L8"                          0                  0                  0                  0
 "MCBXH.2L8"                          0                  0                  0                  0
 "MCBXV.3L8"                          0                  0                  0                  0
 "MCBXH.3L8"                          0                  0                  0                  0
 "MCBYH.A4L8.B2"                      0                  0                  0                  0
 "MCBYV.4L8.B2"                       0                  0                  0                  0
 "MCBYH.B4L8.B2"                      0                  0                  0                  0
 "MCBCV.A5L8.B2"                      0                  0                  0                  0
 "MCBCH.5L8.B2"                       0                  0                  0                  0
 "MCBCV.B5L8.B2"                      0                  0                  0                  0
 "MCBCH.6L8.B2"                       0                  0                  0                  0
 "MCBCV.7L8.B2"                       0                  0                  0                  0
 "MCBCH.8L8.B2"        -2.000207081e-06                  0   -2.000207081e-06                  0
 "MCBCV.9L8.B2"                       0                  0                  0                  0
 "MCBCH.10L8.B2"                      0                  0                  0                  0
 "MCBV.11L8.B2"                       0                  0                  0                  0
 "MCBH.12L8.B2"                       0                  0                  0                  0
 "MCBV.13L8.B2"                       0                  0                  0                  0
 "MCBH.14L8.B2"                       0                  0                  0                  0
 "MCBV.15L8.B2"                       0                  0                  0                  0
 "MCBH.16L8.B2"         -5.82768349e-06                  0    -5.82768349e-06                  0
 "MCBV.17L8.B2"                       0                  0                  0                  0
 "MCBH.18L8.B2"         1.868910389e-06                  0    1.868910389e-06                  0
 "MCBV.19L8.B2"                       0                  0                  0                  0
 "MCBH.20L8.B2"                       0                  0                  0                  0
 "MCBV.21L8.B2"                       0                  0                  0                  0
 "MCBH.22L8.B2"         6.031715777e-06                  0    6.031715777e-06                  0
 "MCBV.23L8.B2"                       0                  0                  0                  0
 "MCBH.24L8.B2"        -1.138719916e-05                  0   -1.138719916e-05                  0
 "MCBV.25L8.B2"                       0                  0                  0                  0
 "MCBH.26L8.B2"         2.317039855e-05                  0    2.317039855e-05                  0
 "MCBV.27L8.B2"                       0                  0                  0                  0
 "MCBH.28L8.B2"                       0                  0                  0                  0
 "MCBV.29L8.B2"                       0                  0                  0                  0
 "MCBH.30L8.B2"          6.25783205e-06                  0     6.25783205e-06                  0
 "MCBV.31L8.B2"                       0                  0                  0                  0
 "MCBH.32L8.B2"        -3.135182429e-06                  0   -3.135182429e-06                  0
 "MCBV.33L8.B2"                       0                  0                  0                  0
 "MCBH.34L8.B2"         4.055884667e-06                  0    4.055884667e-06                  0
 "MCBV.33R7.B2"                       0                  0                  0                  0
 "MCBH.32R7.B2"          2.46383599e-06                  0     2.46383599e-06                  0
 "MCBV.31R7.B2"                       0                  0                  0                  0
 "MCBH.30R7.B2"        -2.746884013e-06                  0   -2.746884013e-06                  0
 "MCBV.29R7.B2"                       0                  0                  0                  0
 "MCBH.28R7.B2"        -7.716987049e-06                  0   -7.716987049e-06                  0
 "MCBV.27R7.B2"                       0                  0                  0                  0
 "MCBH.26R7.B2"         2.754394896e-06                  0    2.754394896e-06                  0
 "MCBV.25R7.B2"                       0                  0                  0                  0
 "MCBH.24R7.B2"         1.348828804e-05                  0    1.348828804e-05                  0
 "MCBV.23R7.B2"                       0                  0                  0                  0
 "MCBH.22R7.B2"                       0                  0                  0                  0
 "MCBV.21R7.B2"                       0                  0                  0                  0
 "MCBH.20R7.B2"                       0                  0                  0                  0
 "MCBV.19R7.B2"                       0                  0                  0                  0
 "MCBH.18R7.B2"         4.395414144e-06                  0    4.395414144e-06                  0
 "MCBV.17R7.B2"                       0                  0                  0                  0
 "MCBH.16R7.B2"        -1.302993111e-05                  0   -1.302993111e-05                  0
 "MCBV.15R7.B2"                       0                  0                  0                  0
 "MCBH.14R7.B2"        -2.651232062e-06                  0   -2.651232062e-06                  0
 "MCBV.13R7.B2"                       0                  0                  0                  0
 "MCBH.12R7.B2"        -1.980231609e-06                  0   -1.980231609e-06                  0
 "MCBV.11R7.B2"                       0                  0                  0                  0
 "MCBCH.10R7.B2"       -6.063037086e-06                  0   -6.063037086e-06                  0
 "MCBCV.9R7.B2"                       0                  0                  0                  0
 "MCBCH.8R7.B2"                       0                  0                  0                  0
 "MCBCV.7R7.B2"                       0                  0                  0                  0
 "MCBCH.6R7.B2"        -3.313368652e-06                  0   -3.313368652e-06                  0
 "MCBWV.5R7.B2"                       0                  0                  0                  0
 "MCBWH.4R7.B2"                       0                  0                  0                  0
 "MCBWV.4L7.B2"                       0                  0                  0                  0
 "MCBWH.5L7.B2"                       0                  0                  0                  0
 "MCBCV.6L7.B2"                       0                  0                  0                  0
 "MCBCH.7L7.B2"         -1.29718557e-05                  0    -1.29718557e-05                  0
 "MCBCV.8L7.B2"                       0                  0                  0                  0
 "MCBCH.9L7.B2"         2.684676088e-06                  0    2.684676088e-06                  0
 "MCBCV.10L7.B2"                      0                  0                  0                  0
 "MCBH.11L7.B2"        -4.651013762e-06                  0   -4.651013762e-06                  0
 "MCBV.12L7.B2"                       0                  0                  0                  0
 "MCBH.13L7.B2"        -5.896397866e-06                  0   -5.896397866e-06                  0
 "MCBV.14L7.B2"                       0                  0                  0                  0
 "MCBH.15L7.B2"         -1.09913596e-06                  0    -1.09913596e-06                  0
 "MCBV.16L7.B2"                       0                  0                  0                  0
 "MCBH.17L7.B2"         2.091354877e-05                  0    2.091354877e-05                  0
 "MCBV.18L7.B2"                       0                  0                  0                  0
 "MCBH.19L7.B2"         1.215010881e-05                  0    1.215010881e-05                  0
 "MCBV.20L7.B2"                       0                  0                  0                  0
 "MCBH.21L7.B2"         4.687792622e-06                  0    4.687792622e-06                  0
 "MCBV.22L7.B2"                       0                  0                  0                  0
 "MCBH.23L7.B2"        -7.562560029e-06                  0   -7.562560029e-06                  0
 "MCBV.24L7.B2"                       0                  0                  0                  0
 "MCBH.25L7.B2"        -2.777761337e-05                  0   -2.777761337e-05                  0
 "MCBV.26L7.B2"                       0                  0                  0                  0
 "MCBH.27L7.B2"        -3.018770108e-05                  0   -3.018770108e-05                  0
 "MCBV.28L7.B2"                       0                  0                  0                  0
 "MCBH.29L7.B2"        -1.729476266e-05                  0   -1.729476266e-05                  0
 "MCBV.30L7.B2"                       0                  0                  0                  0
 "MCBH.31L7.B2"                       0                  0                  0                  0
 "MCBV.32L7.B2"                       0                  0                  0                  0
 "MCBH.33L7.B2"         1.039568707e-05                  0    1.039568707e-05                  0
 "MCBV.34L7.B2"                       0                  0                  0                  0
 "MCBH.33R6.B2"         2.032536454e-05                  0    2.032536454e-05                  0
 "MCBV.32R6.B2"                       0                  0                  0                  0
 "MCBH.31R6.B2"                       0                  0                  0                  0
 "MCBV.30R6.B2"                       0                  0                  0                  0
 "MCBH.29R6.B2"        -2.192454785e-05                  0   -2.192454785e-05                  0
 "MCBV.28R6.B2"                       0                  0                  0                  0
 "MCBH.27R6.B2"                       0                  0                  0                  0
 "MCBV.26R6.B2"                       0                  0                  0                  0
 "MCBH.25R6.B2"        -9.925840423e-06                  0   -9.925840423e-06                  0
 "MCBV.24R6.B2"                       0                  0                  0                  0
 "MCBH.23R6.B2"                       0                  0                  0                  0
 "MCBV.22R6.B2"                       0                  0                  0                  0
 "MCBH.21R6.B2"        -1.295505557e-05                  0   -1.295505557e-05                  0
 "MCBV.20R6.B2"                       0                  0                  0                  0
 "MCBH.19R6.B2"                       0                  0                  0                  0
 "MCBV.18R6.B2"                       0                  0                  0                  0
 "MCBH.17R6.B2"         3.194364347e-05                  0    3.194364347e-05                  0
 "MCBV.16R6.B2"                       0                  0                  0                  0
 "MCBH.15R6.B2"          -5.8635897e-06                  0     -5.8635897e-06                  0
 "MCBV.14R6.B2"                       0                  0                  0                  0
 "MCBH.13R6.B2"         -2.34235893e-06                  0    -2.34235893e-06                  0
 "MCBV.12R6.B2"                       0                  0                  0                  0
 "MCBH.11R6.B2"                       0                  0                  0                  0
 "MCBCV.10R6.B2"                      0                  0                  0                  0
 "MCBCH.9R6.B2"        -5.481195869e-06                  0   -5.481195869e-06                  0
 "MCBCV.8R6.B2"                       0                  0                  0                  0
 "MCBYH.5R6.B2"         -3.20606539e-06                  0    -3.20606539e-06                  0
 "MCBYV.4R6.B2"                       0                  0                  0                  0
 "MCBYH.4L6.B2"        -1.804937609e-06                  0   -1.804937609e-06                  0
 "MCBYV.5L6.B2"                       0                  0                  0                  0
 "MCBCH.8L6.B2"                       0                  0                  0                  0
 "MCBCV.9L6.B2"                       0                  0                  0                  0
 "MCBCH.10L6.B2"                      0                  0                  0                  0
 "MCBV.11L6.B2"                       0                  0                  0                  0
 "MCBH.12L6.B2"                       0                  0   -1.609281637e-06                  0
 "MCBV.13L6.B2"                       0                  0                  0                  0
 "MCBH.14L6.B2"        -2.756568789e-05                  0   -2.756568789e-05                  0
 "MCBV.15L6.B2"                       0                  0                  0                  0
 "MCBH.16L6.B2"         2.935119905e-06                  0    2.935119905e-06                  0
 "MCBV.17L6.B2"                       0                  0                  0                  0
 "MCBH.18L6.B2"                       0                  0    3.257420845e-06                  0
 "MCBV.19L6.B2"                       0                  0                  0                  0
 "MCBH.20L6.B2"        -7.802341133e-06                  0   -7.802341133e-06                  0
 "MCBV.21L6.B2"                       0                  0                  0                  0
 "MCBH.22L6.B2"                       0                  0    2.878288506e-06                  0
 "MCBV.23L6.B2"                       0                  0                  0                  0
 "MCBH.24L6.B2"                       0                  0   -4.243574105e-06                  0
 "MCBV.25L6.B2"                       0                  0                  0                  0
 "MCBH.26L6.B2"        -7.281096186e-06                  0   -9.933754802e-06                  0
 "MCBV.27L6.B2"                       0                  0                  0                  0
 "MCBH.28L6.B2"        -3.740180051e-06                  0    -8.32004589e-06                  0
 "MCBV.29L6.B2"                       0                  0                  0                  0
 "MCBH.30L6.B2"                       0                  0   -2.800162416e-06                  0
 "MCBV.31L6.B2"                       0                  0                  0                  0
 "MCBH.32L6.B2"                       0                  0    -2.57504452e-06                  0
 "MCBV.33L6.B2"                       0                  0                  0                  0
 "MCBH.34L6.B2"        -1.539182942e-05                  0   -1.192533993e-05                  0
 "MCBV.33R5.B2"                       0                  0                  0                  0
 "MCBH.32R5.B2"         2.874283586e-05                  0    2.874283586e-05                  0
 "MCBV.31R5.B2"                       0                  0                  0                  0
 "MCBH.30R5.B2"                       0                  0                  0                  0
 "MCBV.29R5.B2"                       0                  0                  0                  0
 "MCBH.28R5.B2"         1.016064733e-05                  0    1.016064733e-05                  0
 "MCBV.27R5.B2"                       0                  0                  0                  0
 "MCBH.26R5.B2"        -2.261106111e-05                  0   -2.856292669e-05                  0
 "MCBV.25R5.B2"                       0                  0                  0                  0
 "MCBH.24R5.B2"        -6.929722149e-06                  0   -6.929722149e-06                  0
 "MCBV.23R5.B2"                       0                  0                  0                  0
 "MCBH.22R5.B2"        -6.253993604e-06                  0   -9.695661487e-06                  0
 "MCBV.21R5.B2"                       0                  0                  0                  0
 "MCBH.20R5.B2"                       0                  0                  0                  0
 "MCBV.19R5.B2"                       0                  0                  0                  0
 "MCBH.18R5.B2"         2.222808264e-05                  0    2.222808264e-05                  0
 "MCBV.17R5.B2"                       0                  0                  0                  0
 "MCBH.16R5.B2"         8.745172992e-06                  0    8.745172992e-06                  0
 "MCBV.15R5.B2"                       0                  0                  0                  0
 "MCBH.14R5.B2"                       0                  0                  0                  0
 "MCBV.13R5.B2"                       0                  0                  0                  0
 "MCBH.12R5.B2"          -8.2198577e-06                  0     -8.2198577e-06                  0
 "MCBV.11R5.B2"                       0                  0                  0                  0
 "MCBCH.10R5.B2"                      0                  0                  0                  0
 "MCBCV.9R5.B2"                       0                  0                  0                  0
 "MCBCH.8R5.B2"                       0                  0                  0                  0
 "MCBCV.7R5.B2"                       0                  0                  0                  0
 "MCBCH.6R5.B2"                       0                  0                  0                  0
 "MCBCV.5R5.B2"                       0                  0                  0                  0
 "MCBYH.B4R5.B2"                      0                  0                  0                  0
 "MCBYV.4R5.B2"                       0                  0                  0                  0
 "MCBYH.A4R5.B2"                      0                  0                  0                  0
 "MCBXV.3R5"                          0                  0                  0                  0
 "MCBXH.3R5"                          0                  0                  0                  0
 "MCBXV.2R5"                          0                  0                  0                  0
 "MCBXH.2R5"                          0                  0                  0                  0
 "MCBXV.1R5"                          0                  0                  0                  0
 "MCBXH.1R5"                          0                  0                  0                  0
 "MCBXV.1L5"                          0                  0                  0                  0
 "MCBXH.1L5"                          0                  0                  0                  0
 "MCBXV.2L5"                          0                  0                  0                  0
 "MCBXH.2L5"                          0                  0                  0                  0
 "MCBXV.3L5"                          0                  0                  0                  0
 "MCBXH.3L5"                          0                  0                  0                  0
 "MCBYV.A4L5.B2"                      0                  0                  0                  0
 "MCBYH.4L5.B2"                       0                  0                  0                  0
 "MCBYV.B4L5.B2"                      0                  0                  0                  0
 "MCBCH.5L5.B2"                       0                  0                  0                  0
 "MCBCV.6L5.B2"                       0                  0                  0                  0
 "MCBCH.7L5.B2"                       0                  0                  0                  0
 "MCBCV.8L5.B2"                       0                  0                  0                  0
 "MCBCH.9L5.B2"                       0                  0                  0                  0
 "MCBCV.10L5.B2"                      0                  0                  0                  0
 "MCBH.11L5.B2"                       0                  0   -2.914720913e-06                  0
 "MCBV.12L5.B2"                       0                  0                  0                  0
 "MCBH.13L5.B2"        -4.662946798e-06                  0   -4.662946798e-06                  0
 "MCBV.14L5.B2"                       0                  0                  0                  0
 "MCBH.15L5.B2"         2.013310418e-05                  0    2.013310418e-05                  0
 "MCBV.16L5.B2"                       0                  0                  0                  0
 "MCBH.17L5.B2"                       0                  0    1.314180903e-06                  0
 "MCBV.18L5.B2"                       0                  0                  0                  0
 "MCBH.19L5.B2"                       0                  0                  0                  0
 "MCBV.20L5.B2"                       0                  0                  0                  0
 "MCBH.21L5.B2"         -1.48901483e-05                  0    -1.48901483e-05                  0
 "MCBV.22L5.B2"                       0                  0                  0                  0
 "MCBH.23L5.B2"        -1.279435959e-05                  0   -1.524059521e-05                  0
 "MCBV.24L5.B2"                       0                  0                  0                  0
 "MCBH.25L5.B2"                       0                  0                  0                  0
 "MCBV.26L5.B2"                       0                  0                  0                  0
 "MCBH.27L5.B2"        -1.858958788e-05                  0   -1.858958788e-05                  0
 "MCBV.28L5.B2"                       0                  0                  0                  0
 "MCBH.29L5.B2"                       0                  0                  0                  0
 "MCBV.30L5.B2"                       0                  0                  0                  0
 "MCBH.31L5.B2"                       0                  0                  0                  0
 "MCBV.32L5.B2"                       0                  0                  0                  0
 "MCBH.33L5.B2"                       0                  0   -4.302484449e-06                  0
 "MCBV.34L5.B2"                       0                  0                  0                  0
 "MCBH.33R4.B2"                       0                  0    1.592180575e-06                  0
 "MCBV.32R4.B2"                       0                  0                  0                  0
 "MCBH.31R4.B2"                       0                  0   -2.931199037e-06                  0
 "MCBV.30R4.B2"                       0                  0                  0                  0
 "MCBH.29R4.B2"                       0                  0                  0                  0
 "MCBV.28R4.B2"                       0                  0                  0                  0
 "MCBH.27R4.B2"        -1.934944466e-05                  0   -1.934944466e-05                  0
 "MCBV.26R4.B2"                       0                  0                  0                  0
 "MCBH.25R4.B2"                       0                  0   -4.300385248e-06                  0
 "MCBV.24R4.B2"                       0                  0                  0                  0
 "MCBH.23R4.B2"         -1.63816493e-05                  0    -1.63816493e-05                  0
 "MCBV.22R4.B2"                       0                  0                  0                  0
 "MCBH.21R4.B2"                       0                  0   -5.374688189e-06                  0
 "MCBV.20R4.B2"                       0                  0                  0                  0
 "MCBH.19R4.B2"                       0                  0    3.569968976e-06                  0
 "MCBV.18R4.B2"                       0                  0                  0                  0
 "MCBH.17R4.B2"                       0                  0   -6.095709745e-06                  0
 "MCBV.16R4.B2"                       0                  0                  0                  0
 "MCBH.15R4.B2"                       0                  0    2.929769922e-06                  0
 "MCBV.14R4.B2"                       0                  0                  0                  0
 "MCBH.13R4.B2"                       0                  0   -4.980741534e-06                  0
 "MCBV.12R4.B2"                       0                  0                  0                  0
 "MCBH.11R4.B2"                       0                  0                  0                  0
 "MCBCV.10R4.B2"                      0                  0                  0                  0
 "MCBCH.9R4.B2"                       0                  0                  0                  0
 "MCBCV.8R4.B2"                       0                  0                  0                  0
 "MCBCH.7R4.B2"                       0                  0                  0                  0
 "MCBYV.6R4.B2"                       0                  0                  0                  0
 "MCBYH.5R4.B2"                       0                  0                  0                  0
 "MCBYV.5L4.B2"                       0                  0                  0                  0
 "MCBYH.6L4.B2"                       0                  0                  0                  0
 "MCBCV.7L4.B2"                       0                  0                  0                  0
 "MCBCH.8L4.B2"                       0                  0                  0                  0
 "MCBCV.9L4.B2"                       0                  0                  0                  0
 "MCBCH.10L4.B2"                      0                  0                  0                  0
 "MCBV.11L4.B2"                       0                  0                  0                  0
 "MCBH.12L4.B2"                       0                  0    6.535165943e-06                  0
 "MCBV.13L4.B2"                       0                  0                  0                  0
 "MCBH.14L4.B2"         1.097827032e-05                  0    1.097827032e-05                  0
 "MCBV.15L4.B2"                       0                  0                  0                  0
 "MCBH.16L4.B2"        -2.209440339e-06                  0    1.346441451e-06                  0
 "MCBV.17L4.B2"                       0                  0                  0                  0
 "MCBH.18L4.B2"         4.710739944e-06                  0    4.710739944e-06                  0
 "MCBV.19L4.B2"                       0                  0                  0                  0
 "MCBH.20L4.B2"          2.18525622e-05                  0     1.57994465e-05                  0
 "MCBV.21L4.B2"                       0                  0                  0                  0
 "MCBH.22L4.B2"                       0                  0                  0                  0
 "MCBV.23L4.B2"                       0                  0                  0                  0
 "MCBH.24L4.B2"                       0                  0   -8.485631086e-06                  0
 "MCBV.25L4.B2"                       0                  0                  0                  0
 "MCBH.26L4.B2"                       0                  0   -1.555463299e-06                  0
 "MCBV.27L4.B2"                       0                  0                  0                  0
 "MCBH.28L4.B2"                       0                  0   -3.983553499e-06                  0
 "MCBV.29L4.B2"                       0                  0                  0                  0
 "MCBH.30L4.B2"                       0                  0                  0                  0
 "MCBV.31L4.B2"                       0                  0                  0                  0
 "MCBH.32L4.B2"        -9.184694849e-06                  0   -9.184694849e-06                  0
 "MCBV.33L4.B2"                       0                  0                  0                  0
 "MCBH.34L4.B2"                       0                  0    4.996814765e-06                  0
 "MCBV.33R3.B2"                       0                  0                  0                  0
 "MCBH.32R3.B2"                       0                  0                  0                  0
 "MCBV.31R3.B2"                       0                  0                  0                  0
 "MCBH.30R3.B2"                       0                  0    3.691027639e-06                  0
 "MCBV.29R3.B2"                       0                  0                  0                  0
 "MCBH.28R3.B2"                       0                  0   -1.283280435e-06                  0
 "MCBV.27R3.B2"                       0                  0                  0                  0
 "MCBH.26R3.B2"         8.256733418e-06                  0    4.807789344e-06                  0
 "MCBV.25R3.B2"                       0                  0                  0                  0
 "MCBH.24R3.B2"                       0                  0                  0                  0
 "MCBV.23R3.B2"                       0                  0                  0                  0
 "MCBH.22R3.B2"        -9.588372894e-06                  0   -1.354627265e-05                  0
 "MCBV.21R3.B2"                       0                  0                  0                  0
 "MCBH.20R3.B2"        -6.435944699e-06                  0   -6.435944699e-06                  0
 "MCBV.19R3.B2"                       0                  0                  0                  0
 "MCBH.18R3.B2"        -5.892089568e-06                  0   -5.892089568e-06                  0
 "MCBV.17R3.B2"                       0                  0                  0                  0
 "MCBH.16R3.B2"                       0                  0                  0                  0
 "MCBV.15R3.B2"                       0                  0                  0                  0
 "MCBH.14R3.B2"                       0                  0                  0                  0
 "MCBV.13R3.B2"                       0                  0                  0                  0
 "MCBH.12R3.B2"        -4.323058296e-06                  0   -4.323058296e-06                  0
 "MCBV.11R3.B2"                       0                  0                  0                  0
 "MCBCH.10R3.B2"        6.959236227e-06                  0    6.959236227e-06                  0
 "MCBCV.9R3.B2"                       0                  0                  0                  0
 "MCBCH.8R3.B2"                       0                  0   -2.082451945e-06                  0
 "MCBCV.7R3.B2"                       0                  0                  0                  0
 "MCBCH.6R3.B2"                       0                  0    2.446294529e-06                  0
 "MCBWV.5R3.B2"                       0                  0                  0                  0
 "MCBWH.4R3.B2"                       0                  0                  0                  0
