
 etall    1, NO =    5, NV =    5, INA =   16
 *********************************************

    I  COEFFICIENT          ORDER   EXPONENTS
     1  -0.3237450423007E-04    0     0 0  0 0  0
 -3.237450423007008E-005
     2    2.086503764683        1     1 0  0 0  0
   2.08650376468290     
     3    119.9011679554        1     0 1  0 0  0
   119.901167955432     
     4  -0.4662737501614E-01    1     0 0  1 0  0
 -4.662737501613806E-002
     5    2.631288037872        1     0 0  0 1  0
   2.63128803787183     
     6   -1.540286164981        1     0 0  0 0  1
  -1.54028616498111     
     7    2.372648890810        2     2 0  0 0  0
   2.37264889080959     
     8    143.2752519226        2     1 1  0 0  0
   143.275251922618     
     9    5536.572710632        2     0 2  0 0  0
   5536.57271063153     
    10   -3.446069934961        2     1 0  1 0  0
  -3.44606993496084     
    11   -294.3290928582        2     0 1  1 0  0
  -294.329092858240     
    12   -9.786226109468        2     0 0  2 0  0
  -9.78622610946842     
    13    130.1149635334        2     1 0  0 1  0
   130.114963533429     
    14    23209.82066388        2     0 1  0 1  0
   23209.8206638767     
    15    1041.317909650        2     0 0  1 1  0
   1041.31790965029     
    16   -31.62144418360        2     1 0  0 0  1
  -31.6214441835968     
    17   -892.7399567943        2     0 1  0 0  1
  -892.739956794311     
    18   -10.57831220133        2     0 0  1 0  1
  -10.5783122013289     
    19   -32308.24563768        2     0 0  0 2  0
  -32308.2456376809     
    20    780.3846598864        2     0 0  0 1  1
   780.384659886414     
    21    22.53971314589        2     0 0  0 0  2
   22.5397131458934     
    22   -619.9143857563        3     3 0  0 0  0
  -619.914385756262     
    23   -44901.46018204        3     2 1  0 0  0
  -44901.4601820435     
    24    435397.3370094        3     1 2  0 0  0
   435397.337009424     
    25    48606594.49562        3     0 3  0 0  0
   48606594.4956219     
    26    681.2239976942        3     2 0  1 0  0
   681.223997694162     
    27    63897.51007149        3     1 1  1 0  0
   63897.5100714913     
    28    1360593.942620        3     0 2  1 0  0
   1360593.94262046     
    29    690.3937811727        3     1 0  2 0  0
   690.393781172683     
    30    5654.947673379        3     0 1  2 0  0
   5654.94767337902     
    31   -131.8683591521        3     0 0  3 0  0
  -131.868359152077     
    32   -46668.52394998        3     2 0  0 1  0
  -46668.5239499849     
    33   -4606746.032787        3     1 1  0 1  0
  -4606746.03278709     
    34   -105200347.7598        3     0 2  0 1  0
  -105200347.759838     
    35   -112547.4152651        3     1 0  1 1  0
  -112547.415265134     
    36   -677616.0983041        3     0 1  1 1  0
  -677616.098304075     
    37    24830.30519090        3     0 0  2 1  0
   24830.3051908971     
    38    1405.846441994        3     2 0  0 0  1
   1405.84644199390     
    39    70435.88905399        3     1 1  0 0  1
   70435.8890539904     
    40   -797820.1452432        3     0 2  0 0  1
  -797820.145243156     
    41   -707.3586434970        3     1 0  1 0  1
  -707.358643497037     
    42   -11757.76235905        3     0 1  1 0  1
  -11757.7623590461     
    43    526.6596783722        3     0 0  2 0  1
   526.659678372154     
    44    5459742.630790        3     1 0  0 2  0
   5459742.63078989     
    45    43986748.43846        3     0 1  0 2  0
   43986748.4384634     
    46   -1579085.607242        3     0 0  1 2  0
  -1579085.60724237     
    47   -80729.23627593        3     1 0  0 1  1
  -80729.2362759307     
    48   -3300815.328402        3     0 1  0 1  1
  -3300815.32840205     
    49   -53208.54238369        3     0 0  1 1  1
  -53208.5423836935     
    50   -2025.147606928        3     1 0  0 0  2
  -2025.14760692782     
    51   -69622.56375518        3     0 1  0 0  2
  -69622.5637551793     
    52    371.6731089254        3     0 0  1 0  2
   371.673108925424     
    53    37771842.31061        3     0 0  0 3  0
   37771842.3106091     
    54    848626.2056360        3     0 0  0 2  1
   848626.205636009     
    55    83134.25909561        3     0 0  0 1  2
   83134.2590956061     
    56    817.7163955875        3     0 0  0 0  3
   817.716395587498     
    57    178000.3593014        4     4 0  0 0  0
   178000.359301371     
    58    35763796.81193        4     3 1  0 0  0
   35763796.8119252     
    59    2502299808.977        4     2 2  0 0  0
   2502299808.97700     
    60    75189307004.89        4     1 3  0 0  0
   75189307004.8925     
    61    824714240696.6        4     0 4  0 0  0
   824714240696.620     
    62    186848.7592388        4     3 0  1 0  0
   186848.759238835     
    63    19067027.12288        4     2 1  1 0  0
   19067027.1228757     
    64    697321875.3077        4     1 2  1 0  0
   697321875.307698     
    65    7447306618.606        4     0 3  1 0  0
   7447306618.60647     
    66   -84772.24326205        4     2 0  2 0  0
  -84772.2432620530     
    67   -6057207.928558        4     1 1  2 0  0
  -6057207.92855847     
    68   -83279155.12216        4     0 2  2 0  0
  -83279155.1221581     
    69    30683.78419089        4     1 0  3 0  0
   30683.7841908859     
    70   -457859.8717066        4     0 1  3 0  0
  -457859.871706620     
    71    2851.602353433        4     0 0  4 0  0
   2851.60235343322     
    72   -10888557.12153        4     3 0  0 1  0
  -10888557.1215306     
    73   -1070693373.618        4     2 1  0 1  0
  -1070693373.61817     
    74   -37672625755.14        4     1 2  0 1  0
  -37672625755.1389     
    75   -412278438951.2        4     0 3  0 1  0
  -412278438951.193     
    76    16502784.85503        4     2 0  1 1  0
   16502784.8550252     
    77    1165076688.246        4     1 1  1 1  0
   1165076688.24615     
    78    19055383041.88        4     0 2  1 1  0
   19055383041.8797     
    79   -3718129.448126        4     1 0  2 1  0
  -3718129.44812555     
    80    207816866.6832        4     0 1  2 1  0
   207816866.683215     
    81   -1580921.022037        4     0 0  3 1  0
  -1580921.02203694     
    82    268850.5820448        4     3 0  0 0  1
   268850.582044751     
    83    10254515.71986        4     2 1  0 0  1
   10254515.7198561     
    84   -338327064.8741        4     1 2  0 0  1
  -338327064.874115     
    85   -22685182161.39        4     0 3  0 0  1
  -22685182161.3856     
    86   -281552.1065420        4     2 0  1 0  1
  -281552.106542005     
    87   -20185991.97855        4     1 1  1 0  1
  -20185991.9785544     
    88   -500769168.6182        4     0 2  1 0  1
  -500769168.618218     
    89    956995.1206379        4     1 0  2 0  1
   956995.120637872     
    90    28688286.20500        4     0 1  2 0  1
   28688286.2050031     
    91   -74039.40020773        4     0 0  3 0  1
  -74039.4002077269     
    92   -720715367.8932        4     2 0  0 2  0
  -720715367.893204     
    93   -52163613947.04        4     1 1  0 2  0
  -52163613947.0366     
    94   -980147003694.5        4     0 2  0 2  0
  -980147003694.495     
    95    35083393.27124        4     1 0  1 2  0
   35083393.2712383     
    96   -24624831648.41        4     0 1  1 2  0
  -24624831648.4073     
    97    257078715.3344        4     0 0  2 2  0
   257078715.334397     
    98    4200190.572738        4     2 0  0 1  1
   4200190.57273830     
    99    77002764.39021        4     1 1  0 1  1
   77002764.3902068     
   100    6181579564.269        4     0 2  0 1  1
   6181579564.26914     
   101   -140422558.9413        4     1 0  1 1  1
  -140422558.941306     
   102   -3759014987.455        4     0 1  1 1  1
  -3759014987.45514     
   103    14489524.41294        4     0 0  2 1  1
   14489524.4129409     
   104   -1413584.946351        4     2 0  0 0  2
  -1413584.94635135     
   105   -79881317.95254        4     1 1  0 0  2
  -79881317.9525360     
   106   -708946009.3029        4     0 2  0 0  2
  -708946009.302934     
   107    429681.9658162        4     1 0  1 0  2
   429681.965816240     
   108    13875384.44458        4     0 1  1 0  2
   13875384.4445757     
   109   -673121.9912389        4     0 0  2 0  2
  -673121.991238898     
   110    7924418678.486        4     1 0  0 3  0
   7924418678.48600     
   111    943067512562.0        4     0 1  0 3  0
   943067512562.007     
   112   -17130029461.26        4     0 0  1 3  0
  -17130029461.2649     
   113    5534573356.346        4     1 0  0 2  1
   5534573356.34574     
   114    118959019696.0        4     0 1  0 2  1
   118959019696.049     
   115   -1007360073.622        4     0 0  1 2  1
  -1007360073.62167     
   116   -6387714.067830        4     1 0  0 1  2
  -6387714.06782974     
   117   -175692.8318910        4     0 1  0 1  2
  -175692.831891000     
   118    102291763.2757        4     0 0  1 1  2
   102291763.275716     
   119    1697864.203777        4     1 0  0 0  3
   1697864.20377723     
   120    36440938.95364        4     0 1  0 0  3
   36440938.9536375     
   121   -246007.4131544        4     0 0  1 0  3
  -246007.413154364     
   122    394150500087.7        4     0 0  0 4  0
   394150500087.722     
   123    24810564599.92        4     0 0  0 3  1
   24810564599.9205     
   124   -4011112007.618        4     0 0  0 2  2
  -4011112007.61838     
   125    5857499.964783        4     0 0  0 1  3
   5857499.96478340     
   126   -576486.2044118        4     0 0  0 0  4
  -576486.204411777     
   127    291360713.4660        5     5 0  0 0  0
   291360713.465994     
   128    57128569053.86        5     4 1  0 0  0
   57128569053.8569     
   129    4576709728839.        5     3 2  0 0  0
   4576709728838.71     
   130   0.1844108918537E+15    5     2 3  0 0  0
   184410891853693.     
   131   0.3684540562078E+16    5     1 4  0 0  0
  3.684540562078026E+015
   132   0.2795431974208E+17    5     0 5  0 0  0
  2.795431974208395E+016
   133   -15750599.91573        5     4 0  1 0  0
  -15750599.9157256     
   134   -3174420303.564        5     3 1  1 0  0
  -3174420303.56433     
   135   -216974718609.6        5     2 2  1 0  0
  -216974718609.567     
   136   -6137014488295.        5     1 3  1 0  0
  -6137014488294.53     
   137  -0.5101179685939E+14    5     0 4  1 0  0
  -51011796859386.9     
   138   -124996487.7410        5     3 0  2 0  0
  -124996487.741046     
   139   -12416758405.31        5     2 1  2 0  0
  -12416758405.3138     
   140   -427047360763.0        5     1 2  2 0  0
  -427047360762.964     
   141   -3558761926876.        5     0 3  2 0  0
  -3558761926876.27     
   142   -8613696.050592        5     2 0  3 0  0
  -8613696.05059185     
   143   -92303453.73377        5     1 1  3 0  0
  -92303453.7337658     
   144   -11426982340.51        5     0 2  3 0  0
  -11426982340.5140     
   145   -32135504.79655        5     1 0  4 0  0
  -32135504.7965503     
   146    90611271.28917        5     0 1  4 0  0
   90611271.2891677     
   147    8965534.433287        5     0 0  5 0  0
   8965534.43328729     
   148    2003092609.901        5     4 0  0 1  0
   2003092609.90112     
   149    348261225593.2        5     3 1  0 1  0
   348261225593.177     
   150   0.2171742712122E+14    5     2 2  0 1  0
   21717427121217.0     
   151   0.5711323398729E+15    5     1 3  0 1  0
   571132339872850.     
   152   0.4522222226730E+16    5     0 4  0 1  0
  4.522222226730066E+015
   153    16709567494.35        5     3 0  1 1  0
   16709567494.3520     
   154    1583705175676.        5     2 1  1 1  0
   1583705175675.90     
   155   0.5139312979317E+14    5     1 2  1 1  0
   51393129793172.8     
   156   0.3462555550956E+15    5     0 3  1 1  0
   346255555095585.     
   157    1238709702.335        5     2 0  2 1  0
   1238709702.33475     
   158   -10867127075.77        5     1 1  2 1  0
  -10867127075.7687     
   159    1759528852993.        5     0 2  2 1  0
   1759528852993.26     
   160    8941128089.527        5     1 0  3 1  0
   8941128089.52676     
   161   -54462552364.04        5     0 1  3 1  0
  -54462552364.0366     
   162   -2933349512.470        5     0 0  4 1  0
  -2933349512.47044     
   163   -1212689879.830        5     4 0  0 0  1
  -1212689879.82974     
   164   -192080314993.5        5     3 1  0 0  1
  -192080314993.524     
   165  -0.1161359839863E+14    5     2 2  0 0  1
  -11613598398632.5     
   166  -0.3132865128132E+15    5     1 3  0 0  1
  -313286512813227.     
   167  -0.3105004756324E+16    5     0 4  0 0  1
 -3.105004756324373E+015
   168   -292223013.4044        5     3 0  1 0  1
  -292223013.404445     
   169   -27431315415.26        5     2 1  1 0  1
  -27431315415.2636     
   170   -890971092757.1        5     1 2  1 0  1
  -890971092757.128     
   171   -7777013412547.        5     0 3  1 0  1
  -7777013412546.92     
   172    325882528.6795        5     2 0  2 0  1
   325882528.679545     
   173    21704506230.87        5     1 1  2 0  1
   21704506230.8714     
   174    350008957889.9        5     0 2  2 0  1
   350008957889.900     
   175    194017711.4013        5     1 0  3 0  1
   194017711.401261     
   176    2510671540.529        5     0 1  3 0  1
   2510671540.52883     
   177    8458284.506742        5     0 0  4 0  1
   8458284.50674193     
   178   -801824520208.5        5     3 0  0 2  0
  -801824520208.509     
   179  -0.7726949682433E+14    5     2 1  0 2  0
  -77269496824325.9     
   180  -0.2552421013921E+16    5     1 2  0 2  0
 -2.552421013920658E+015
   181  -0.1968277098093E+17    5     0 3  0 2  0
 -1.968277098093469E+016
   182   -18436615545.66        5     2 0  1 2  0
  -18436615545.6552     
   183    5236268695203.        5     1 1  1 2  0
   5236268695202.82     
   184  -0.3573581617693E+14    5     0 2  1 2  0
  -35735816176931.7     
   185   -975227183889.2        5     1 0  2 2  0
  -975227183889.170     
   186    8705765152856.        5     0 1  2 2  0
   8705765152855.60     
   187    374702029367.7        5     0 0  3 2  0
   374702029367.688     
   188    11542252957.64        5     3 0  0 1  1
   11542252957.6384     
   189    1003938829569.        5     2 1  0 1  1
   1003938829568.87     
   190   0.3091100732493E+14    5     1 2  0 1  1
   30911007324934.9     
   191   0.2306104419581E+15    5     0 3  0 1  1
   230610441958134.     
   192   -42936043598.90        5     2 0  1 1  1
  -42936043598.8967     
   193   -2755599958241.        5     1 1  1 1  1
  -2755599958240.61     
   194  -0.4136577297915E+14    5     0 2  1 1  1
  -41365772979153.6     
   195   -37185368337.44        5     1 0  2 1  1
  -37185368337.4402     
   196   -453181451227.9        5     0 1  2 1  1
  -453181451227.949     
   197   -2610462326.947        5     0 0  3 1  1
  -2610462326.94718     
   198    2806955246.756        5     3 0  0 0  2
   2806955246.75596     
   199    326983329517.4        5     2 1  0 0  2
   326983329517.383     
   200   0.1307592449254E+14    5     1 2  0 0  2
   13075924492537.6     
   201   0.1695097004412E+15    5     0 3  0 0  2
   169509700441174.     
   202    797276243.5844        5     2 0  1 0  2
   797276243.584439     
   203    52084395509.19        5     1 1  1 0  2
   52084395509.1872     
   204    912166342326.2        5     0 2  1 0  2
   912166342326.221     
   205   -398796317.5881        5     1 0  2 0  2
  -398796317.588144     
   206   -8983571788.497        5     0 1  2 0  2
  -8983571788.49680     
   207   -164271676.2084        5     0 0  3 0  2
  -164271676.208385     
   208   -2691374877841.        5     2 0  0 3  0
  -2691374877840.79     
   209  -0.3418639341851E+15    5     1 1  0 3  0
  -341863934185141.     
   210  -0.3266653419314E+16    5     0 2  0 3  0
 -3.266653419314233E+015
   211   0.4976879751197E+14    5     1 0  1 3  0
   49768797511967.6     
   212  -0.5209331419075E+15    5     0 1  1 3  0
  -520933141907544.     
   213  -0.2285778030635E+14    5     0 0  2 3  0
  -22857780306349.1     
   214    2031801582201.        5     2 0  0 2  1
   2031801582200.86     
   215   0.1343334855870E+15    5     1 1  0 2  1
   134333485587021.     
   216   0.2088595684340E+16    5     0 2  0 2  1
  2.088595684339766E+015
   217    2464346913431.        5     1 0  1 2  1
   2464346913430.86     
   218   0.2745765540792E+14    5     0 1  1 2  1
   27457655407923.0     
   219    314888087100.2        5     0 0  2 2  1
   314888087100.223     
   220   -34202349302.64        5     2 0  0 1  2
  -34202349302.6376     
   221   -2144314728912.        5     1 1  0 1  2
  -2144314728912.00     
   222  -0.3893076692677E+14    5     0 2  0 1  2
  -38930766926772.1     
   223    50623560125.72        5     1 0  1 1  2
   50623560125.7160     
   224    941024633578.5        5     0 1  1 1  2
   941024633578.483     
   225    31548843212.50        5     0 0  2 1  2
   31548843212.5003     
   226   -3551340395.662        5     2 0  0 0  3
  -3551340395.66172     
   227   -273270666176.3        5     1 1  0 0  3
  -273270666176.290     
   228   -5306926325444.        5     0 2  0 0  3
  -5306926325444.46     
   229   -897457140.9843        5     1 0  1 0  3
  -897457140.984282     
   230   -26811529034.40        5     0 1  1 0  3
  -26811529034.3993     
   231    141247023.0775        5     0 0  2 0  3
   141247023.077529     
   232  -0.1036936383287E+16    5     1 0  0 4  0
 -1.036936383287414E+015
   233   0.9562010989555E+16    5     0 1  0 4  0
  9.562010989555264E+015
   234   0.6353972306315E+15    5     0 0  1 4  0
   635397230631509.     
   235  -0.5198175662137E+14    5     1 0  0 3  1
  -51981756621370.0     
   236  -0.4323145610057E+15    5     0 1  0 3  1
  -432314561005690.     
   237  -0.1790233577654E+14    5     0 0  1 3  1
  -17902335776543.4     
   238   -2287302073539.        5     1 0  0 2  2
  -2287302073538.76     
   239  -0.4721124345426E+14    5     0 1  0 2  2
  -47211243454255.0     
   240   -2082987597666.        5     0 0  1 2  2
  -2082987597666.28     
   241    39920187502.20        5     1 0  0 1  3
   39920187502.2032     
   242    1143074087502.        5     0 1  0 1  3
   1143074087501.96     
   243   -15965393186.83        5     0 0  1 1  3
  -15965393186.8305     
   244    2438541878.059        5     1 0  0 0  4
   2438541878.05889     
   245    87860930021.53        5     0 1  0 0  4
   87860930021.5309     
   246    364500256.2753        5     0 0  1 0  4
   364500256.275279     
   247  -0.5544057959531E+16    5     0 0  0 5  0
 -5.544057959531021E+015
   248   0.4226104279595E+15    5     0 0  0 4  1
   422610427959521.     
   249   0.4409566795665E+14    5     0 0  0 3  2
   44095667956647.2     
   250    687355636147.3        5     0 0  0 2  3
   687355636147.335     
   251   -17013536643.12        5     0 0  0 1  4
  -17013536643.1179     
   252   -676678489.6785        5     0 0  0 0  5
  -676678489.678520     
                                      

 etall    1, NO =    5, NV =    5, INA =   20
 *********************************************

    I  COEFFICIENT          ORDER   EXPONENTS
     1   0.5034270733197E-06    0     0 0  0 0  0
  5.034270733197317E-007
     2  -0.5139577071305E-01    1     1 0  0 0  0
 -5.139577071304791E-002
     3   -2.474460216976        1     0 1  0 0  0
  -2.47446021697621     
     4   0.1259542751624E-02    1     0 0  1 0  0
  1.259542751623940E-003
     5  -0.8303794903563E-01    1     0 0  0 1  0
 -8.303794903562514E-002
     6   0.5439752809364E-01    1     0 0  0 0  1
  5.439752809364121E-002
     7  -0.1045126795410        2     2 0  0 0  0
 -0.104512679540956     
     8   -10.00062927071        2     1 1  0 0  0
  -10.0006292707110     
     9   -341.1358714560        2     0 2  0 0  0
  -341.135871456031     
    10   0.1266974610079        2     1 0  1 0  0
  0.126697461007909     
    11    10.31617620423        2     0 1  1 0  0
   10.3161762042263     
    12   0.1816667188531        2     0 0  2 0  0
  0.181666718853124     
    13   -8.436735093321        2     1 0  0 1  0
  -8.43673509332093     
    14   -897.1040357945        2     0 1  0 1  0
  -897.104035794518     
    15   -19.49292105308        2     0 0  1 1  0
  -19.4929210530793     
    16   0.4702557763934        2     1 0  0 0  1
  0.470255776393407     
    17    11.50039030135        2     0 1  0 0  1
   11.5003903013457     
    18   0.1283109426404        2     0 0  1 0  1
  0.128310942640376     
    19    610.1092259360        2     0 0  0 2  0
   610.109225936010     
    20   -10.03297310067        2     0 0  0 1  1
  -10.0329731006702     
    21  -0.1862709315159        2     0 0  0 0  2
 -0.186270931515913     
    22    12.57394336528        3     3 0  0 0  0
   12.5739433652768     
    23    1074.769269569        3     2 1  0 0  0
   1074.76926956853     
    24   -2056.480452005        3     1 2  0 0  0
  -2056.48045200502     
    25   -1065996.718828        3     0 3  0 0  0
  -1065996.71882835     
    26   -14.67142624530        3     2 0  1 0  0
  -14.6714262453007     
    27   -1683.773575092        3     1 1  1 0  0
  -1683.77357509167     
    28   -45266.91307388        3     0 2  1 0  0
  -45266.9130738847     
    29    5.626326773016        3     1 0  2 0  0
   5.62632677301640     
    30    997.7180643110        3     0 1  2 0  0
   997.718064311033     
    31    5.664069016867        3     0 0  3 0  0
   5.66406901686713     
    32    1064.456063061        3     2 0  0 1  0
   1064.45606306127     
    33    127623.0380269        3     1 1  0 1  0
   127623.038026930     
    34    3588650.471910        3     0 2  0 1  0
   3588650.47191021     
    35   -598.1938818632        3     1 0  1 1  0
  -598.193881863213     
    36   -150125.3320237        3     0 1  1 1  0
  -150125.332023677     
    37   -1046.360840207        3     0 0  2 1  0
  -1046.36084020690     
    38   -21.80396746262        3     2 0  0 0  1
  -21.8039674626237     
    39   -1003.976989642        3     1 1  0 0  1
  -1003.97698964197     
    40    29414.30113690        3     0 2  0 0  1
   29414.3011368999     
    41    23.51610070019        3     1 0  1 0  1
   23.5161007001900     
    42    884.8968952706        3     0 1  1 0  1
   884.896895270564     
    43   -29.24390456580        3     0 0  2 0  1
  -29.2439045657963     
    44    6641.592629958        3     1 0  0 2  0
   6641.59262995842     
    45    5718056.453176        3     0 1  0 2  0
   5718056.45317617     
    46    65625.60456986        3     0 0  1 2  0
   65625.6045698606     
    47    432.0575655896        3     1 0  0 1  1
   432.057565589640     
    48    2803.843369126        3     0 1  0 1  1
   2803.84336912592     
    49    3802.693700687        3     0 0  1 1  1
   3802.69370068657     
    50    26.91756666074        3     1 0  0 0  2
   26.9175666607379     
    51    859.5603442655        3     0 1  0 0  2
   859.560344265460     
    52   -14.39290347914        3     0 0  1 0  2
  -14.3929034791371     
    53   -1493353.560512        3     0 0  0 3  0
  -1493353.56051154     
    54   -128687.3750859        3     0 0  0 2  1
  -128687.375085916     
    55   -786.5545221274        3     0 0  0 1  2
  -786.554522127431     
    56   -11.13395871345        3     0 0  0 0  3
  -11.1339587134457     
    57   -861.4345243721        4     4 0  0 0  0
  -861.434524372051     
    58   -237072.6541586        4     3 1  0 0  0
  -237072.654158622     
    59   -18647085.22921        4     2 2  0 0  0
  -18647085.2292113     
    60   -593872161.9770        4     1 3  0 0  0
  -593872161.977016     
    61   -6616056051.979        4     0 4  0 0  0
  -6616056051.97896     
    62   -1556.256983029        4     3 0  1 0  0
  -1556.25698302940     
    63   -68180.84978476        4     2 1  1 0  0
  -68180.8497847641     
    64    1801160.720660        4     1 2  1 0  0
   1801160.72066004     
    65    131979747.3515        4     0 3  1 0  0
   131979747.351516     
    66    454.1651216346        4     2 0  2 0  0
   454.165121634641     
    67   -8185.623182558        4     1 1  2 0  0
  -8185.62318255840     
    68   -1973273.830575        4     0 2  2 0  0
  -1973273.83057479     
    69    335.5495630682        4     1 0  3 0  0
   335.549563068245     
    70    64132.07164316        4     0 1  3 0  0
   64132.0716431610     
    71   -398.5227243846        4     0 0  4 0  0
  -398.522724384555     
    72    94205.29124161        4     3 0  0 1  0
   94205.2912416112     
    73    3500468.958905        4     2 1  0 1  0
   3500468.95890519     
    74   -159790545.6282        4     1 2  0 1  0
  -159790545.628164     
    75   -8126579523.357        4     0 3  0 1  0
  -8126579523.35719     
    76   -160320.0803997        4     2 0  1 1  0
  -160320.080399717     
    77   -6883278.537627        4     1 1  1 1  0
  -6883278.53762666     
    78    47313150.09265        4     0 2  1 1  0
   47313150.0926521     
    79   -139339.8467998        4     1 0  2 1  0
  -139339.846799783     
    80   -16804567.58263        4     0 1  2 1  0
  -16804567.5826265     
    81    117069.9282264        4     0 0  3 1  0
   117069.928226425     
    82   -295.7166857639        4     3 0  0 0  1
  -295.716685763909     
    83    647908.2050467        4     2 1  0 0  1
   647908.205046668     
    84    57452268.44860        4     1 2  0 0  1
   57452268.4485973     
    85    1520714116.672        4     0 3  0 0  1
   1520714116.67205     
    86    717.7181678246        4     2 0  1 0  1
   717.718167824592     
    87   -101655.0339256        4     1 1  1 0  1
  -101655.033925592     
    88   -3000772.194562        4     0 2  1 0  1
  -3000772.19456173     
    89   -8094.067388725        4     1 0  2 0  1
  -8094.06738872454     
    90   -17603.67790006        4     0 1  2 0  1
  -17603.6779000594     
    91    354.9681053211        4     0 0  3 0  1
   354.968105321092     
    92    6333763.545685        4     2 0  0 2  0
   6333763.54568450     
    93    276852077.8937        4     1 1  0 2  0
   276852077.893691     
    94    748385825.3113        4     0 2  0 2  0
   748385825.311265     
    95    15912392.41733        4     1 0  1 2  0
   15912392.4173297     
    96    1495240194.102        4     0 1  1 2  0
   1495240194.10156     
    97   -12432302.21216        4     0 0  2 2  0
  -12432302.2121580     
    98    89811.94372970        4     2 0  0 1  1
   89811.9437296974     
    99    19678005.32530        4     1 1  0 1  1
   19678005.3252977     
   100    496249202.3068        4     0 2  0 1  1
   496249202.306789     
   101    1323515.719971        4     1 0  1 1  1
   1323515.71997095     
   102   -444398.1258604        4     0 1  1 1  1
  -444398.125860353     
   103   -37602.33587576        4     0 0  2 1  1
  -37602.3358757624     
   104    6626.724627817        4     2 0  0 0  2
   6626.72462781676     
   105   -605275.5287954        4     1 1  0 0  2
  -605275.528795426     
   106   -46732621.68888        4     0 2  0 0  2
  -46732621.6888765     
   107   -2214.644097603        4     1 0  1 0  2
  -2214.64409760350     
   108    52614.17291217        4     0 1  1 0  2
   52614.1729121736     
   109    3791.261401065        4     0 0  2 0  2
   3791.26140106489     
   110   -577272000.3661        4     1 0  0 3  0
  -577272000.366071     
   111   -44822604144.35        4     0 1  0 3  0
  -44822604144.3486     
   112    564679373.4168        4     0 0  1 3  0
   564679373.416832     
   113   -52316685.31259        4     1 0  0 2  1
  -52316685.3125852     
   114    704552921.9560        4     0 1  0 2  1
   704552921.955995     
   115    1146811.619217        4     0 0  1 2  1
   1146811.61921719     
   116   -5655.917001697        4     1 0  0 1  2
  -5655.91700169698     
   117   -9288234.394372        4     0 1  0 1  2
  -9288234.39437236     
   118   -726523.4280632        4     0 0  1 1  2
  -726523.428063238     
   119   -6532.244196114        4     1 0  0 0  3
  -6532.24419611405     
   120    729396.8904309        4     0 1  0 0  3
   729396.890430902     
   121    1902.429819320        4     0 0  1 0  3
   1902.42981932020     
   122   -8443320534.103        4     0 0  0 4  0
  -8443320534.10318     
   123   -41794682.76681        4     0 0  0 3  1
  -41794682.7668091     
   124    28423880.70245        4     0 0  0 2  2
   28423880.7024543     
   125   -80922.55861705        4     0 0  0 1  3
  -80922.5586170523     
   126   -1313.912530375        4     0 0  0 0  4
  -1313.91253037517     
   127   -2473649.523184        5     5 0  0 0  0
  -2473649.52318384     
   128   -389361655.0160        5     4 1  0 0  0
  -389361655.016016     
   129   -21862456204.27        5     3 2  0 0  0
  -21862456204.2723     
   130   -363766331600.6        5     2 3  0 0  0
  -363766331600.587     
   131    8351882590870.        5     1 4  0 0  0
   8351882590869.94     
   132   0.2837645532545E+15    5     0 5  0 0  0
   283764553254507.     
   133    54885.47666987        5     4 0  1 0  0
   54885.4766698664     
   134    14777839.34298        5     3 1  1 0  0
   14777839.3429757     
   135    899434907.9701        5     2 2  1 0  0
   899434907.970076     
   136    12621719683.07        5     1 3  1 0  0
   12621719683.0658     
   137   -380277178606.5        5     0 4  1 0  0
  -380277178606.488     
   138    811252.2260462        5     3 0  2 0  0
   811252.226046233     
   139    255391.2690727        5     2 1  2 0  0
   255391.269072723     
   140   -4208968097.651        5     1 2  2 0  0
  -4208968097.65120     
   141   -162061663911.2        5     0 3  2 0  0
  -162061663911.185     
   142    299510.4160242        5     2 0  3 0  0
   299510.416024241     
   143    17123277.80399        5     1 1  3 0  0
   17123277.8039936     
   144    758068340.9191        5     0 2  3 0  0
   758068340.919075     
   145   -251339.1319572        5     1 0  4 0  0
  -251339.131957233     
   146   -54861354.71990        5     0 1  4 0  0
  -54861354.7199003     
   147   -228925.9981475        5     0 0  5 0  0
  -228925.998147519     
   148   -6265683.723936        5     4 0  0 1  0
  -6265683.72393637     
   149   -568492965.1545        5     3 1  0 1  0
  -568492965.154538     
   150    31801683577.50        5     2 2  0 1  0
   31801683577.4953     
   151    4161749381012.        5     1 3  0 1  0
   4161749381011.94     
   152   0.1146002679937E+15    5     0 4  0 1  0
   114600267993697.     
   153   -113465801.4169        5     3 0  1 1  0
  -113465801.416946     
   154    1040732102.360        5     2 1  1 1  0
   1040732102.35998     
   155    676970153991.2        5     1 2  1 1  0
   676970153991.233     
   156   0.2482463235312E+14    5     0 3  1 1  0
   24824632353117.5     
   157   -49865980.66362        5     2 0  2 1  0
  -49865980.6636198     
   158   -2805382646.576        5     1 1  2 1  0
  -2805382646.57599     
   159   -141347741605.9        5     0 2  2 1  0
  -141347741605.934     
   160    98351753.47144        5     1 0  3 1  0
   98351753.4714420     
   161    17655892328.34        5     0 1  3 1  0
   17655892328.3443     
   162    73961469.36434        5     0 0  4 1  0
   73961469.3643351     
   163    9589280.124878        5     4 0  0 0  1
   9589280.12487787     
   164    1181083539.773        5     3 1  0 0  1
   1181083539.77321     
   165    46098030006.77        5     2 2  0 0  1
   46098030006.7709     
   166    298671877238.9        5     1 3  0 0  1
   298671877238.854     
   167  -0.1212108459554E+14    5     0 4  0 0  1
  -12121084595542.9     
   168    2752892.296094        5     3 0  1 0  1
   2752892.29609403     
   169    109479204.9812        5     2 1  1 0  1
   109479204.981195     
   170   -4305297945.416        5     1 2  1 0  1
  -4305297945.41632     
   171   -242558412159.6        5     0 3  1 0  1
  -242558412159.561     
   172   -1877563.518214        5     2 0  2 0  1
  -1877563.51821381     
   173    21659135.96300        5     1 1  2 0  1
   21659135.9630045     
   174    4790696392.333        5     0 2  2 0  1
   4790696392.33294     
   175   -1853528.482220        5     1 0  3 0  1
  -1853528.48222006     
   176    59588968.56648        5     0 1  3 0  1
   59588968.5664835     
   177    681803.3729146        5     0 0  4 0  1
   681803.372914592     
   178    6443499939.450        5     3 0  0 2  0
   6443499939.44999     
   179    153266873047.0        5     2 1  0 2  0
   153266873047.000     
   180  -0.2024221478330E+14    5     1 2  0 2  0
  -20242214783298.4     
   181  -0.9159659052563E+15    5     0 3  0 2  0
  -915965905256305.     
   182    2310857014.856        5     2 0  1 2  0
   2310857014.85648     
   183    122251217839.4        5     1 1  1 2  0
   122251217839.441     
   184    8531854731552.        5     0 2  1 2  0
   8531854731552.17     
   185   -13323276499.15        5     1 0  2 2  0
  -13323276499.1466     
   186   -2147283088598.        5     0 1  2 2  0
  -2147283088597.86     
   187   -9459011889.714        5     0 0  3 2  0
  -9459011889.71407     
   188   -158057828.6693        5     3 0  0 1  1
  -158057828.669301     
   189   -10205228967.59        5     2 1  0 1  1
  -10205228967.5851     
   190   -130280619765.6        5     1 2  0 1  1
  -130280619765.645     
   191    4396766559116.        5     0 3  0 1  1
   4396766559115.95     
   192    257981827.8353        5     2 0  1 1  1
   257981827.835341     
   193   -4205731497.673        5     1 1  1 1  1
  -4205731497.67316     
   194   -725782947271.0        5     0 2  1 1  1
  -725782947270.974     
   195    337919798.4133        5     1 0  2 1  1
   337919798.413307     
   196   -12869442796.38        5     0 1  2 1  1
  -12869442796.3847     
   197   -215440954.2799        5     0 0  3 1  1
  -215440954.279902     
   198   -20177370.25157        5     3 0  0 0  2
  -20177370.2515681     
   199   -1529803372.696        5     2 1  0 0  2
  -1529803372.69591     
   200   -21531579553.40        5     1 2  0 0  2
  -21531579553.3961     
   201    593389800438.2        5     0 3  0 0  2
   593389800438.192     
   202   -7073404.824061        5     2 0  1 0  2
  -7073404.82406125     
   203   -197172224.1655        5     1 1  1 0  2
  -197172224.165518     
   204    2895232238.465        5     0 2  1 0  2
   2895232238.46542     
   205    1905973.078294        5     1 0  2 0  2
   1905973.07829383     
   206   -136583672.9425        5     0 1  2 0  2
  -136583672.942501     
   207    1519259.685967        5     0 0  3 0  2
   1519259.68596701     
   208   -14143191181.35        5     2 0  0 3  0
  -14143191181.3485     
   209   -641635511710.5        5     1 1  0 3  0
  -641635511710.491     
   210  -0.1744878625602E+15    5     0 2  0 3  0
  -174487862560230.     
   211    760842333644.2        5     1 0  1 3  0
   760842333644.233     
   212   0.1163106463862E+15    5     0 1  1 3  0
   116310646386172.     
   213    589128690039.2        5     0 0  2 3  0
   589128690039.197     
   214   -14992293016.15        5     2 0  0 2  1
  -14992293016.1549     
   215   -210719786019.2        5     1 1  0 2  1
  -210719786019.169     
   216   0.2200691367540E+14    5     0 2  0 2  1
   22006913675404.4     
   217   -21268556318.43        5     1 0  1 2  1
  -21268556318.4342     
   218    960250691651.6        5     0 1  1 2  1
   960250691651.635     
   219    25687406413.47        5     0 0  2 2  1
   25687406413.4695     
   220    438283524.5461        5     2 0  0 1  2
   438283524.546136     
   221    20690997580.60        5     1 1  0 1  2
   20690997580.5983     
   222    256114765136.4        5     0 2  0 1  2
   256114765136.413     
   223   -254274121.4657        5     1 0  1 1  2
  -254274121.465724     
   224    21396071608.46        5     0 1  1 1  2
   21396071608.4565     
   225   -278448755.8701        5     0 0  2 1  2
  -278448755.870051     
   226    21582356.01949        5     2 0  0 0  3
   21582356.0194872     
   227    761893131.5840        5     1 1  0 0  3
   761893131.584022     
   228   -10034150772.69        5     0 2  0 0  3
  -10034150772.6873     
   229    7779181.716144        5     1 0  1 0  3
   7779181.71614363     
   230    38352117.15848        5     0 1  1 0  3
   38352117.1584771     
   231    192607.7184477        5     0 0  2 0  3
   192607.718447726     
   232  -0.1540122629047E+14    5     1 0  0 4  0
  -15401226290475.0     
   233  -0.2367326220405E+16    5     0 1  0 4  0
 -2.367326220404935E+015
   234  -0.1737820867182E+14    5     0 0  1 4  0
  -17378208671822.6     
   235    434615846542.0        5     1 0  0 3  1
   434615846541.998     
   236  -0.2386069449214E+14    5     0 1  0 3  1
  -23860694492143.5     
   237   -1363567288118.        5     0 0  1 3  1
  -1363567288118.35     
   238    14891969516.07        5     1 0  0 2  2
   14891969516.0672     
   239   -661397177893.3        5     0 1  0 2  2
  -661397177893.257     
   240    17332408470.51        5     0 0  1 2  2
   17332408470.5082     
   241   -511562605.3162        5     1 0  0 1  3
  -511562605.316217     
   242   -9452957931.808        5     0 1  0 1  3
  -9452957931.80779     
   243   -52710356.42251        5     0 0  1 1  3
  -52710356.4225107     
   244   -12549550.13172        5     1 0  0 0  4
  -12549550.1317160     
   245    23661751.94094        5     0 1  0 0  4
   23661751.9409379     
   246   -3016420.029539        5     0 0  1 0  4
  -3016420.02953853     
   247   0.1823062206697E+15    5     0 0  0 5  0
   182306220669738.     
   248   0.2713663335783E+14    5     0 0  0 4  1
   27136633357832.3     
   249   -356103865576.4        5     0 0  0 3  2
  -356103865576.444     
   250    860546227.9545        5     0 0  0 2  3
   860546227.954470     
   251    223029766.2619        5     0 0  0 1  4
   223029766.261895     
   252    2349130.488415        5     0 0  0 0  5
   2349130.48841521     
                                      

 etall    1, NO =    5, NV =    5, INA =   21
 *********************************************

    I  COEFFICIENT          ORDER   EXPONENTS
     1  -0.3239124038977E-03    0     0 0  0 0  0
 -3.239124038977171E-004
     2  -0.6007318456923E-01    1     1 0  0 0  0
 -6.007318456923371E-002
     3   -2.520016679984        1     0 1  0 0  0
  -2.52001667998381     
     4   -2.793254331116        1     0 0  1 0  0
  -2.79325433111648     
     5    199.3394954742        1     0 0  0 1  0
   199.339495474229     
     6   0.4466935921823E-01    1     0 0  0 0  1
  4.466935921823136E-002
     7   -6.925259131964        2     2 0  0 0  0
  -6.92525913196437     
     8   -647.5750019418        2     1 1  0 0  0
  -647.575001941766     
     9   -20237.23947326        2     0 2  0 0  0
  -20237.2394732609     
    10   -13.21627237274        2     1 0  1 0  0
  -13.2162723727416     
    11   -283.5425443811        2     0 1  1 0  0
  -283.542544381115     
    12    3.810035295129        2     0 0  2 0  0
   3.81003529512936     
    13    374.3845944840        2     1 0  0 1  0
   374.384594484022     
    14    8677.108355798        2     0 1  0 1  0
   8677.10835579838     
    15   -620.0395130839        2     0 0  1 1  0
  -620.039513083913     
    16  -0.7390088076959        2     1 0  0 0  1
 -0.739008807695914     
    17   -82.94391332207        2     0 1  0 0  1
  -82.9439133220731     
    18    13.62517845722        2     0 0  1 0  1
   13.6251784572161     
    19    32159.86578886        2     0 0  0 2  0
   32159.8657888627     
    20   -495.6806755334        2     0 0  0 1  1
  -495.680675533396     
    21   0.2007002369859        2     0 0  0 0  2
  0.200700236985881     
    22    86.00406334696        3     3 0  0 0  0
   86.0040633469581     
    23    13738.69441440        3     2 1  0 0  0
   13738.6944143988     
    24    807184.1764670        3     1 2  0 0  0
   807184.176466998     
    25    18523669.81184        3     0 3  0 0  0
   18523669.8118415     
    26   -402.5806472481        3     2 0  1 0  0
  -402.580647248097     
    27   -30788.06082304        3     1 1  1 0  0
  -30788.0608230355     
    28   -1017397.804950        3     0 2  1 0  0
  -1017397.80495029     
    29    697.3591921822        3     1 0  2 0  0
   697.359192182248     
    30    43746.98520071        3     0 1  2 0  0
   43746.9852007133     
    31    1159.842903176        3     0 0  3 0  0
   1159.84290317633     
    32    119182.3757476        3     2 0  0 1  0
   119182.375747636     
    33    10032279.39785        3     1 1  0 1  0
   10032279.3978506     
    34    263236821.5693        3     0 2  0 1  0
   263236821.569294     
    35   -81700.39195629        3     1 0  1 1  0
  -81700.3919562920     
    36   -5028035.342738        3     0 1  1 1  0
  -5028035.34273841     
    37   -238187.8669715        3     0 0  2 1  0
  -238187.866971466     
    38   -3113.573207552        3     2 0  0 0  1
  -3113.57320755210     
    39   -191409.0152492        3     1 1  0 0  1
  -191409.015249154     
    40   -2917256.496979        3     0 2  0 0  1
  -2917256.49697909     
    41    857.8846033370        3     1 0  1 0  1
   857.884603336955     
    42    21509.52787488        3     0 1  1 0  1
   21509.5278748807     
    43   -538.2654921694        3     0 0  2 0  1
  -538.265492169442     
    44    2262748.580461        3     1 0  0 2  0
   2262748.58046055     
    45    123308179.2365        3     0 1  0 2  0
   123308179.236451     
    46    15685333.02119        3     0 0  1 2  0
   15685333.0211908     
    47   -219473.8480492        3     1 0  0 1  1
  -219473.848049250     
    48   -9868482.130382        3     0 1  0 1  1
  -9868482.13038190     
    49    13553.70095853        3     0 0  1 1  1
   13553.7009585327     
    50    5093.533674136        3     1 0  0 0  2
   5093.53367413560     
    51    150793.5101999        3     0 1  0 0  2
   150793.510199855     
    52   -1850.433599872        3     0 0  1 0  2
  -1850.43359987248     
    53   -323951139.9485        3     0 0  0 3  0
  -323951139.948527     
    54    667576.5838591        3     0 0  0 2  1
   667576.583859087     
    55    269765.9519609        3     0 0  0 1  2
   269765.951960893     
    56   -2627.750428328        3     0 0  0 0  3
  -2627.75042832833     
    57    68492.34057945        4     4 0  0 0  0
   68492.3405794547     
    58    12179177.05576        4     3 1  0 0  0
   12179177.0557612     
    59    829128306.6594        4     2 2  0 0  0
   829128306.659362     
    60    25451439114.77        4     1 3  0 0  0
   25451439114.7664     
    61    316847675346.1        4     0 4  0 0  0
   316847675346.100     
    62   -2199.992380528        4     3 0  1 0  0
  -2199.99238052820     
    63   -4685091.833617        4     2 1  1 0  0
  -4685091.83361721     
    64   -420538830.3988        4     1 2  1 0  0
  -420538830.398821     
    65   -10476002874.68        4     0 3  1 0  0
  -10476002874.6841     
    66    9782.323530311        4     2 0  2 0  0
   9782.32353031068     
    67   -2840692.547629        4     1 1  2 0  0
  -2840692.54762904     
    68   -147243959.5364        4     0 2  2 0  0
  -147243959.536418     
    69   -64541.43611823        4     1 0  3 0  0
  -64541.4361182267     
    70   -3280552.387443        4     0 1  3 0  0
  -3280552.38744331     
    71   -21503.50595314        4     0 0  4 0  0
  -21503.5059531373     
    72   -7612958.667939        4     3 0  0 1  0
  -7612958.66793912     
    73   -1063455922.733        4     2 1  0 1  0
  -1063455922.73254     
    74   -49918036127.95        4     1 2  0 1  0
  -49918036127.9510     
    75   -731218939640.7        4     0 3  0 1  0
  -731218939640.748     
    76    1728199.517996        4     2 0  1 1  0
   1728199.51799612     
    77    775208173.9964        4     1 1  1 1  0
   775208173.996418     
    78    32785138427.93        4     0 2  1 1  0
   32785138427.9326     
    79    22009765.13374        4     1 0  2 1  0
   22009765.1337387     
    80    1124913699.109        4     0 1  2 1  0
   1124913699.10872     
    81   -2118338.715924        4     0 0  3 1  0
  -2118338.71592400     
    82   -520904.6340159        4     3 0  0 0  1
  -520904.634015942     
    83   -65528922.14656        4     2 1  0 0  1
  -65528922.1465586     
    84   -2732855294.578        4     1 2  0 0  1
  -2732855294.57795     
    85   -36919467472.73        4     0 3  0 0  1
  -36919467472.7346     
    86    302758.9828440        4     2 0  1 0  1
   302758.982844043     
    87    37627968.52589        4     1 1  1 0  1
   37627968.5258887     
    88    813516520.6123        4     0 2  1 0  1
   813516520.612267     
    89    42820.97379803        4     1 0  2 0  1
   42820.9737980257     
    90    4871134.698916        4     0 1  2 0  1
   4871134.69891630     
    91   -32938.04909358        4     0 0  3 0  1
  -32938.0490935779     
    92    140250563.9988        4     2 0  0 2  0
   140250563.998755     
    93   -14239937185.93        4     1 1  0 2  0
  -14239937185.9322     
    94   -949229729923.1        4     0 2  0 2  0
  -949229729923.083     
    95   -2352012699.198        4     1 0  1 2  0
  -2352012699.19772     
    96   -120359434892.7        4     0 1  1 2  0
  -120359434892.750     
    97    956229535.4478        4     0 0  2 2  0
   956229535.447757     
    98    37739525.23259        4     2 0  0 1  1
   37739525.2325942     
    99    3097328505.528        4     1 1  0 1  1
   3097328505.52848     
   100    111783924907.0        4     0 2  0 1  1
   111783924906.984     
   101   -11220955.08562        4     1 0  1 1  1
  -11220955.0856213     
   102   -784303488.9552        4     0 1  1 1  1
  -784303488.955226     
   103    10228174.30693        4     0 0  2 1  1
   10228174.3069348     
   104    1313311.849212        4     2 0  0 0  2
   1313311.84921165     
   105    113457583.1619        4     1 1  0 0  2
   113457583.161933     
   106    2489717530.526        4     0 2  0 0  2
   2489717530.52645     
   107   -280573.6434987        4     1 0  1 0  2
  -280573.643498667     
   108   -22959684.24171        4     0 1  1 0  2
  -22959684.2417061     
   109    37284.03632574        4     0 0  2 0  2
   37284.0363257434     
   110    85382548041.78        4     1 0  0 3  0
   85382548041.7793     
   111    4492906059313.        4     0 1  0 3  0
   4492906059312.92     
   112   -79042843030.46        4     0 0  1 3  0
  -79042843030.4645     
   113    126872979.3213        4     1 0  0 2  1
   126872979.321301     
   114    6518841933.064        4     0 1  0 2  1
   6518841933.06415     
   115   -274689631.0933        4     0 0  1 2  1
  -274689631.093266     
   116   -65080106.59709        4     1 0  0 1  2
  -65080106.5970934     
   117   -2888702837.589        4     0 1  0 1  2
  -2888702837.58899     
   118    2344674.082290        4     0 0  1 1  2
   2344674.08228970     
   119   -1383338.949547        4     1 0  0 0  3
  -1383338.94954738     
   120   -60321451.72924        4     0 1  0 0  3
  -60321451.7292380     
   121   -26670.10247001        4     0 0  1 0  3
  -26670.1024700065     
   122    1798699908684.        4     0 0  0 4  0
   1798699908684.42     
   123   -9781334665.312        4     0 0  0 3  1
  -9781334665.31246     
   124    151223434.4462        4     0 0  0 2  2
   151223434.446166     
   125    53080677.92296        4     0 0  0 1  3
   53080677.9229595     
   126    528495.9387711        4     0 0  0 0  4
   528495.938771135     
   127    22296225.27793        5     5 0  0 0  0
   22296225.2779287     
   128    5097531805.407        5     4 1  0 0  0
   5097531805.40712     
   129    491963426547.5        5     3 2  0 0  0
   491963426547.472     
   130   0.2499757535778E+14    5     2 3  0 0  0
   24997575357775.4     
   131   0.6647606540906E+15    5     1 4  0 0  0
   664760654090609.     
   132   0.7362758669116E+16    5     0 5  0 0  0
  7.362758669115818E+015
   133   -31594357.15230        5     4 0  1 0  0
  -31594357.1523033     
   134   -5986018207.415        5     3 1  1 0  0
  -5986018207.41549     
   135   -404810825436.4        5     2 2  1 0  0
  -404810825436.437     
   136  -0.1168481704488E+14    5     1 3  1 0  0
  -11684817044881.0     
   137  -0.1187850247029E+15    5     0 4  1 0  0
  -118785024702905.     
   138   -119225.5417972        5     3 0  2 0  0
  -119225.541797226     
   139    522662225.4292        5     2 1  2 0  0
   522662225.429221     
   140    39146510218.49        5     1 2  2 0  0
   39146510218.4872     
   141    841986934555.3        5     0 3  2 0  0
   841986934555.253     
   142    59156146.37943        5     2 0  3 0  0
   59156146.3794323     
   143    7188922994.080        5     1 1  3 0  0
   7188922994.07988     
   144    228659682949.7        5     0 2  3 0  0
   228659682949.658     
   145   -7130994.424868        5     1 0  4 0  0
  -7130994.42486778     
   146   -688047307.8653        5     0 1  4 0  0
  -688047307.865300     
   147   -32891867.45348        5     0 0  5 0  0
  -32891867.4534832     
   148   -8098018350.418        5     4 0  0 1  0
  -8098018350.41839     
   149   -1298133976070.        5     3 1  0 1  0
  -1298133976069.55     
   150  -0.8325781581157E+14    5     2 2  0 1  0
  -83257815811572.9     
   151  -0.2523806492299E+16    5     1 3  0 1  0
 -2.523806492298814E+015
   152  -0.3109665339548E+17    5     0 4  0 1  0
 -3.109665339548243E+016
   153    1674332004.672        5     3 0  1 1  0
   1674332004.67158     
   154    156464006849.2        5     2 1  1 1  0
   156464006849.195     
   155    5394705614680.        5     1 2  1 1  0
   5394705614680.29     
   156   0.6631460927537E+14    5     0 3  1 1  0
   66314609275374.9     
   157   -18750155571.41        5     2 0  2 1  0
  -18750155571.4116     
   158   -2126622833761.        5     1 1  2 1  0
  -2126622833761.48     
   159  -0.6575024051873E+14    5     0 2  2 1  0
  -65750240518729.9     
   160    685326648.9731        5     1 0  3 1  0
   685326648.973110     
   161    123961063587.4        5     0 1  3 1  0
   123961063587.437     
   162    17769626472.47        5     0 0  4 1  0
   17769626472.4688     
   163   -279612154.5736        5     4 0  0 0  1
  -279612154.573617     
   164   -50947664236.89        5     3 1  0 0  1
  -50947664236.8909     
   165   -3695421141688.        5     2 2  0 0  1
  -3695421141688.22     
   166  -0.1253281438073E+15    5     1 3  0 0  1
  -125328143807268.     
   167  -0.1673714649419E+16    5     0 4  0 0  1
 -1.673714649419112E+015
   168    138069192.5423        5     3 0  1 0  1
   138069192.542288     
   169    19877280766.38        5     2 1  1 0  1
   19877280766.3775     
   170    946819062551.0        5     1 2  1 0  1
   946819062551.029     
   171   0.1490537171087E+14    5     0 3  1 0  1
   14905371710872.2     
   172    139138071.2836        5     2 0  2 0  1
   139138071.283590     
   173    10548308178.40        5     1 1  2 0  1
   10548308178.3958     
   174    259828549151.8        5     0 2  2 0  1
   259828549151.780     
   175   -143703330.2535        5     1 0  3 0  1
  -143703330.253514     
   176   -7969814365.477        5     0 1  3 0  1
  -7969814365.47698     
   177   -5236578.853922        5     0 0  4 0  1
  -5236578.85392212     
   178   -203857877181.5        5     3 0  0 2  0
  -203857877181.455     
   179  -0.2588816534544E+14    5     2 1  0 2  0
  -25888165345443.8     
   180  -0.1192440398572E+16    5     1 2  0 2  0
 -1.192440398571919E+015
   181  -0.1977745341214E+17    5     0 3  0 2  0
 -1.977745341213691E+016
   182    1833740974045.        5     2 0  1 2  0
   1833740974045.09     
   183   0.1988766377739E+15    5     1 1  1 2  0
   198876637773935.     
   184   0.5997718021257E+16    5     0 2  1 2  0
  5.997718021256839E+015
   185    66225899975.34        5     1 0  2 2  0
   66225899975.3354     
   186   -6401334798725.        5     0 1  2 2  0
  -6401334798724.60     
   187   -3461308237493.        5     0 0  3 2  0
  -3461308237493.29     
   188    27026451860.61        5     3 0  0 1  1
   27026451860.6148     
   189    3260374322300.        5     2 1  0 1  1
   3260374322299.81     
   190   0.1370136701674E+15    5     1 2  0 1  1
   137013670167419.     
   191   0.2047407348791E+16    5     0 3  0 1  1
  2.047407348790650E+015
   192   -10328418538.11        5     2 0  1 1  1
  -10328418538.1102     
   193   -772623347617.1        5     1 1  1 1  1
  -772623347617.107     
   194  -0.1835577396365E+14    5     0 2  1 1  1
  -18355773963653.8     
   195    39407558096.63        5     1 0  2 1  1
   39407558096.6348     
   196    2181317776656.        5     0 1  2 1  1
   2181317776656.07     
   197   -2232119798.301        5     0 0  3 1  1
  -2232119798.30142     
   198    963720762.3923        5     3 0  0 0  2
   963720762.392269     
   199    134445053051.0        5     2 1  0 0  2
   134445053051.029     
   200    6606293041715.        5     1 2  0 0  2
   6606293041715.34     
   201   0.1141189028178E+15    5     0 3  0 0  2
   114118902817771.     
   202   -384348514.6695        5     2 0  1 0  2
  -384348514.669451     
   203   -36602975576.00        5     1 1  1 0  2
  -36602975575.9977     
   204   -843564919190.0        5     0 2  1 0  2
  -843564919190.028     
   205   -254586081.1230        5     1 0  2 0  2
  -254586081.122951     
   206   -9936092116.986        5     0 1  2 0  2
  -9936092116.98622     
   207    71368723.80530        5     0 0  3 0  2
   71368723.8053047     
   208  -0.6418571948624E+14    5     2 0  0 3  0
  -64185719486239.2     
   209  -0.6615926835896E+16    5     1 1  0 3  0
 -6.615926835896037E+015
   210  -0.1925416073499E+18    5     0 2  0 3  0
 -1.925416073499480E+017
   211  -0.1053469695740E+14    5     1 0  1 3  0
  -10534696957404.8     
   212  -0.3333547601060E+14    5     0 1  1 3  0
  -33335476010597.8     
   213   0.3259429561385E+15    5     0 0  2 3  0
   325942956138541.     
   214    793144537921.6        5     2 0  0 2  1
   793144537921.564     
   215   0.7126142892407E+14    5     1 1  0 2  1
   71261428924073.4     
   216   0.1783964859500E+16    5     0 2  0 2  1
  1.783964859499720E+015
   217   -3619506522010.        5     1 0  1 2  1
  -3619506522010.37     
   218  -0.1982070699308E+15    5     0 1  1 2  1
  -198207069930792.     
   219    540650188701.2        5     0 0  2 2  1
   540650188701.216     
   220   -38186696865.90        5     2 0  0 1  2
  -38186696865.8981     
   221   -3023279044081.        5     1 1  0 1  2
  -3023279044081.12     
   222  -0.6680159243644E+14    5     0 2  0 1  2
  -66801592436442.1     
   223    19159681257.00        5     1 0  1 1  2
   19159681257.0043     
   224    711627465215.6        5     0 1  1 1  2
   711627465215.593     
   225   -25139342541.52        5     0 0  2 1  2
  -25139342541.5151     
   226   -1621614268.884        5     2 0  0 0  3
  -1621614268.88377     
   227   -152884225343.0        5     1 1  0 0  3
  -152884225343.044     
   228   -3850046774952.        5     0 2  0 0  3
  -3850046774951.89     
   229    452404183.7229        5     1 0  1 0  3
   452404183.722898     
   230    20798696816.33        5     0 1  1 0  3
   20798696816.3343     
   231    152866471.2928        5     0 0  2 0  3
   152866471.292824     
   232   0.3989836871628E+15    5     1 0  0 4  0
   398983687162829.     
   233   0.1033580931940E+17    5     0 1  0 4  0
  1.033580931939932E+016
   234  -0.1520711199600E+17    5     0 0  1 4  0
 -1.520711199599675E+016
   235   0.1218687628921E+15    5     1 0  0 3  1
   121868762892109.     
   236   0.6507291867921E+16    5     0 1  0 3  1
  6.507291867920662E+015
   237  -0.3853120897594E+14    5     0 0  1 3  1
  -38531208975942.5     
   238   -1353031325094.        5     1 0  0 2  2
  -1353031325093.88     
   239  -0.6096681767229E+14    5     0 1  0 2  2
  -60966817672291.1     
   240    2608390976037.        5     0 0  1 2  2
   2608390976037.40     
   241    24396527086.26        5     1 0  0 1  3
   24396527086.2579     
   242    1049183916221.        5     0 1  0 1  3
   1049183916221.03     
   243   -10635993644.71        5     0 0  1 1  3
  -10635993644.7091     
   244    1350955159.138        5     1 0  0 0  4
   1350955159.13769     
   245    65449092113.91        5     0 1  0 0  4
   65449092113.9062     
   246   -181547648.7660        5     0 0  1 0  4
  -181547648.766011     
   247   0.2876796173913E+18    5     0 0  0 5  0
  2.876796173913477E+017
   248   0.7551192704243E+15    5     0 0  0 4  1
   755119270424288.     
   249  -0.9524255617697E+14    5     0 0  0 3  2
  -95242556176972.1     
   250    739346561434.1        5     0 0  0 2  3
   739346561434.101     
   251   -6673345748.952        5     0 0  0 1  4
  -6673345748.95208     
   252   -457354600.9433        5     0 0  0 0  5
  -457354600.943258     
                                      

 etall    1, NO =    5, NV =    5, INA =   22
 *********************************************

    I  COEFFICIENT          ORDER   EXPONENTS
     1  -0.5577861473860E-05    0     0 0  0 0  0
 -5.577861473859837E-006
     2  -0.8079503862565E-03    1     1 0  0 0  0
 -8.079503862565048E-004
     3  -0.4317517513484E-01    1     0 1  0 0  0
 -4.317517513484422E-002
     4  -0.3371254766164E-01    1     0 0  1 0  0
 -3.371254766163630E-002
     5    2.048076968899        1     0 0  0 1  0
   2.04807696889876     
     6   0.3671842600034E-03    1     0 0  0 0  1
  3.671842600034138E-004
     7  -0.9736555910816E-01    2     2 0  0 0  0
 -9.736555910816259E-002
     8   -9.958022193553        2     1 1  0 0  0
  -9.95802219355304     
     9   -330.6640656757        2     0 2  0 0  0
  -330.664065675721     
    10  -0.6997238283082E-01    2     1 0  1 0  0
 -6.997238283081686E-002
    11   -1.687036950966        2     0 1  1 0  0
  -1.68703695096640     
    12   0.8308704304022E-01    2     0 0  2 0  0
  8.308704304022391E-002
    13  -0.1131119940892        2     1 0  0 1  0
 -0.113111994089172     
    14    20.76254434033        2     0 1  0 1  0
   20.7625443403257     
    15   -13.65974373992        2     0 0  1 1  0
  -13.6597437399249     
    16   0.1013476791271        2     1 0  0 0  1
  0.101347679127146     
    17    3.239855731861        2     0 1  0 0  1
   3.23985573186111     
    18   0.4186754832574        2     0 0  1 0  1
  0.418675483257434     
    19    646.3310539586        2     0 0  0 2  0
   646.331053958649     
    20   -25.86164150552        2     0 0  0 1  1
  -25.8616415055157     
    21  -0.9743649779845E-01    2     0 0  0 0  2
 -9.743649779844539E-002
    22   0.6736932707599        3     3 0  0 0  0
  0.673693270759895     
    23    218.0760594950        3     2 1  0 0  0
   218.076059494964     
    24    18537.46319986        3     1 2  0 0  0
   18537.4631998610     
    25    477557.8643055        3     0 3  0 0  0
   477557.864305518     
    26   -21.39386932252        3     2 0  1 0  0
  -21.3938693225201     
    27   -2030.333130600        3     1 1  1 0  0
  -2030.33313060002     
    28   -58581.09529964        3     0 2  1 0  0
  -58581.0952996412     
    29    3.015870530295        3     1 0  2 0  0
   3.01587053029530     
    30    107.5571947782        3     0 1  2 0  0
   107.557194778169     
    31    19.66558260297        3     0 0  3 0  0
   19.6655826029685     
    32    2681.293200967        3     2 0  0 1  0
   2681.29320096655     
    33    243854.4058039        3     1 1  0 1  0
   243854.405803892     
    34    6613384.163497        3     0 2  0 1  0
   6613384.16349730     
    35   -339.2651325929        3     1 0  1 1  0
  -339.265132592893     
    36   -9260.396756178        3     0 1  1 1  0
  -9260.39675617846     
    37   -4530.980583303        3     0 0  2 1  0
  -4530.98058330261     
    38   -38.81530838811        3     2 0  0 0  1
  -38.8153083881059     
    39   -2598.604689397        3     1 1  0 0  1
  -2598.60468939736     
    40   -45116.45585974        3     0 2  0 0  1
  -45116.4558597388     
    41    37.63399776817        3     1 0  1 0  1
   37.6339977681705     
    42    1913.944826752        3     0 1  1 0  1
   1913.94482675240     
    43    6.448166295595        3     0 0  2 0  1
   6.44816629559534     
    44    7114.719634929        3     1 0  0 2  0
   7114.71963492929     
    45   -117637.2883513        3     0 1  0 2  0
  -117637.288351310     
    46    337659.0183551        3     0 0  1 2  0
   337659.018355122     
    47   -4621.304305828        3     1 0  0 1  1
  -4621.30430582762     
    48   -237331.6896248        3     0 1  0 1  1
  -237331.689624833     
    49   -1581.773236029        3     0 0  1 1  1
  -1581.77323602893     
    50    65.78855173698        3     1 0  0 0  2
   65.7885517369801     
    51    2143.166780452        3     0 1  0 0  2
   2143.16678045219     
    52   -40.68594226691        3     0 0  1 0  2
  -40.6859422669051     
    53   -8095084.709374        3     0 0  0 3  0
  -8095084.70937380     
    54    70249.82362025        3     0 0  0 2  1
   70249.8236202469     
    55    4731.081860019        3     0 0  0 1  2
   4731.08186001852     
    56   -34.73337398466        3     0 0  0 0  3
  -34.7333739846578     
    57    178.2829489822        4     4 0  0 0  0
   178.282948982161     
    58    31549.09531487        4     3 1  0 0  0
   31549.0953148740     
    59    1784086.479877        4     2 2  0 0  0
   1784086.47987665     
    60    34578020.10350        4     1 3  0 0  0
   34578020.1035042     
    61    261217457.4791        4     0 4  0 0  0
   261217457.479065     
    62    664.6062396598        4     3 0  1 0  0
   664.606239659759     
    63    41121.08315084        4     2 1  1 0  0
   41121.0831508413     
    64   -98701.34461788        4     1 2  1 0  0
  -98701.3446178843     
    65   -34219541.64131        4     0 3  1 0  0
  -34219541.6413096     
    66   -1010.646203934        4     2 0  2 0  0
  -1010.64620393407     
    67   -145352.3131247        4     1 1  2 0  0
  -145352.313124657     
    68   -4998102.225407        4     0 2  2 0  0
  -4998102.22540719     
    69    397.5724535232        4     1 0  3 0  0
   397.572453523236     
    70    19990.41502006        4     0 1  3 0  0
   19990.4150200555     
    71    1833.287702995        4     0 0  4 0  0
   1833.28770299538     
    72   -149064.3614655        4     3 0  0 1  0
  -149064.361465462     
    73   -20148751.58300        4     2 1  0 1  0
  -20148751.5829983     
    74   -940592747.3943        4     1 2  0 1  0
  -940592747.394276     
    75   -14476992101.28        4     0 3  0 1  0
  -14476992101.2809     
    76    175484.6431143        4     2 0  1 1  0
   175484.643114314     
    77    25449417.95899        4     1 1  1 1  0
   25449417.9589919     
    78    878694979.1119        4     0 2  1 1  0
   878694979.111945     
    79    50317.02362703        4     1 0  2 1  0
   50317.0236270285     
    80    2501429.761131        4     0 1  2 1  0
   2501429.76113058     
    81   -613622.6474424        4     0 0  3 1  0
  -613622.647442435     
    82   -4897.645444324        4     3 0  0 0  1
  -4897.64544432374     
    83   -592540.6823027        4     2 1  0 0  1
  -592540.682302744     
    84   -22890661.48600        4     1 2  0 0  1
  -22890661.4860038     
    85   -271783739.1370        4     0 3  0 0  1
  -271783739.137028     
    86   -7418.357799574        4     2 0  1 0  1
  -7418.35779957422     
    87   -519438.0565181        4     1 1  1 0  1
  -519438.056518059     
    88   -13946504.57785        4     0 2  1 0  1
  -13946504.5778510     
    89    3358.818813983        4     1 0  2 0  1
   3358.81881398328     
    90    182571.9631452        4     0 1  2 0  1
   182571.963145159     
    91   -5407.924509835        4     0 0  3 0  1
  -5407.92450983456     
    92   -3748794.150753        4     2 0  0 2  0
  -3748794.15075259     
    93   -774621380.4227        4     1 1  0 2  0
  -774621380.422746     
    94   -30193213020.56        4     0 2  0 2  0
  -30193213020.5631     
    95   -16689785.82336        4     1 0  1 2  0
  -16689785.8233562     
    96   -833542648.9027        4     0 1  1 2  0
  -833542648.902721     
    97    75051745.32914        4     0 0  2 2  0
   75051745.3291392     
    98    1221556.399433        4     2 0  0 1  1
   1221556.39943267     
    99    103223352.6839        4     1 1  0 1  1
   103223352.683870     
   100    2959061732.840        4     0 2  0 1  1
   2959061732.84010     
   101   -542723.4391979        4     1 0  1 1  1
  -542723.439197933     
   102   -27927648.99364        4     0 1  1 1  1
  -27927648.9936400     
   103    1197575.145100        4     0 0  2 1  1
   1197575.14509962     
   104    13739.38611276        4     2 0  0 0  2
   13739.3861127578     
   105    1163119.899484        4     1 1  0 0  2
   1163119.89948360     
   106    24532826.06353        4     0 2  0 0  2
   24532826.0635276     
   107    14723.44916651        4     1 0  1 0  2
   14723.4491665149     
   108    562318.9334602        4     0 1  1 0  2
   562318.933460183     
   109   -2346.347357959        4     0 0  2 0  2
  -2346.34735795941     
   110    871358958.3063        4     1 0  0 3  0
   871358958.306290     
   111    45140085548.86        4     0 1  0 3  0
   45140085548.8565     
   112   -4061281503.516        4     0 0  1 3  0
  -4061281503.51635     
   113    16238009.93877        4     1 0  0 2  1
   16238009.9387723     
   114    761033658.1879        4     0 1  0 2  1
   761033658.187940     
   115   -80416821.36737        4     0 0  1 2  1
  -80416821.3673749     
   116   -2055857.206372        4     1 0  0 1  2
  -2055857.20637237     
   117   -92166310.24411        4     0 1  0 1  2
  -92166310.2441137     
   118    414199.8822777        4     0 0  1 1  2
   414199.882277711     
   119   -15079.15288299        4     1 0  0 0  3
  -15079.1528829885     
   120   -647407.2764082        4     0 1  0 0  3
  -647407.276408172     
   121   -9770.437438075        4     0 0  1 0  3
  -9770.43743807523     
   122    79653163186.59        4     0 0  0 4  0
   79653163186.5935     
   123    1706800372.552        4     0 0  0 3  1
   1706800372.55180     
   124   -11653713.33311        4     0 0  0 2  2
  -11653713.3331081     
   125    1316985.672816        4     0 0  0 1  3
   1316985.67281635     
   126    5874.412012577        4     0 0  0 0  4
   5874.41201257657     
   127    226282.1354380        5     5 0  0 0  0
   226282.135437954     
   128    53255263.80516        5     4 1  0 0  0
   53255263.8051611     
   129    5253194954.448        5     3 2  0 0  0
   5253194954.44843     
   130    272046975836.5        5     2 3  0 0  0
   272046975836.467     
   131    7363918723225.        5     1 4  0 0  0
   7363918723225.29     
   132   0.8329642962844E+14    5     0 5  0 0  0
   83296429628437.9     
   133    452764.2537755        5     4 0  1 0  0
   452764.253775494     
   134    77408953.80983        5     3 1  1 0  0
   77408953.8098284     
   135    5915212948.696        5     2 2  1 0  0
   5915212948.69615     
   136    224423336445.2        5     1 3  1 0  0
   224423336445.190     
   137    3515736543050.        5     0 4  1 0  0
   3515736543050.44     
   138   -8657.412856789        5     3 0  2 0  0
  -8657.41285678864     
   139   -2559234.459318        5     2 1  2 0  0
  -2559234.45931791     
   140   -189560081.2358        5     1 2  2 0  0
  -189560081.235827     
   141   -6678034794.830        5     0 3  2 0  0
  -6678034794.83000     
   142    2280713.189769        5     2 0  3 0  0
   2280713.18976873     
   143    244996166.0332        5     1 1  3 0  0
   244996166.033178     
   144    7358059755.926        5     0 2  3 0  0
   7358059755.92589     
   145   -140532.3333197        5     1 0  4 0  0
  -140532.333319697     
   146   -2986820.055422        5     0 1  4 0  0
  -2986820.05542159     
   147   -1570922.784994        5     0 0  5 0  0
  -1570922.78499353     
   148   -152744077.5945        5     4 0  0 1  0
  -152744077.594524     
   149   -25501195280.86        5     3 1  0 1  0
  -25501195280.8612     
   150   -1718902970910.        5     2 2  0 1  0
  -1718902970909.56     
   151  -0.5491937248196E+14    5     1 3  0 1  0
  -54919372481962.2     
   152  -0.7122845918890E+15    5     0 4  0 1  0
  -712284591889009.     
   153    21652408.80597        5     3 0  1 1  0
   21652408.8059679     
   154    3077228321.878        5     2 1  1 1  0
   3077228321.87776     
   155    152817085390.1        5     1 2  1 1  0
   152817085390.110     
   156    3052449984474.        5     0 3  1 1  0
   3052449984473.87     
   157   -584613492.0545        5     2 0  2 1  0
  -584613492.054453     
   158   -62333468518.99        5     1 1  2 1  0
  -62333468518.9896     
   159   -1866620379392.        5     0 2  2 1  0
  -1866620379391.69     
   160    28594800.91787        5     1 0  3 1  0
   28594800.9178742     
   161    301629122.0598        5     0 1  3 1  0
   301629122.059767     
   162    654040528.8609        5     0 0  4 1  0
   654040528.860914     
   163   -2204358.278670        5     4 0  0 0  1
  -2204358.27867042     
   164   -415755348.4357        5     3 1  0 0  1
  -415755348.435672     
   165   -30971765895.71        5     2 2  0 0  1
  -30971765895.7079     
   166   -1073796575242.        5     1 3  0 0  1
  -1073796575241.57     
   167  -0.1456802262484E+14    5     0 4  0 0  1
  -14568022624838.8     
   168   -1423415.742071        5     3 0  1 0  1
  -1423415.74207139     
   169   -181829711.4753        5     2 1  1 0  1
  -181829711.475341     
   170   -9027170755.727        5     1 2  1 0  1
  -9027170755.72710     
   171   -170449943946.4        5     0 3  1 0  1
  -170449943946.404     
   172   -1762730.980594        5     2 0  2 0  1
  -1762730.98059425     
   173   -160923999.8254        5     1 1  2 0  1
  -160923999.825413     
   174   -4346868934.927        5     0 2  2 0  1
  -4346868934.92728     
   175   -4442430.522845        5     1 0  3 0  1
  -4442430.52284483     
   176   -243844526.8416        5     0 1  3 0  1
  -243844526.841569     
   177    1311186.445734        5     0 0  4 0  1
   1311186.44573398     
   178   -2566647037.910        5     3 0  0 2  0
  -2566647037.91015     
   179   -358069719214.3        5     2 1  0 2  0
  -358069719214.274     
   180  -0.1757287878717E+14    5     1 2  0 2  0
  -17572878787170.8     
   181  -0.3191094802682E+15    5     0 3  0 2  0
  -319109480268206.     
   182    50141267201.99        5     2 0  1 2  0
   50141267201.9858     
   183    5293170667100.        5     1 1  1 2  0
   5293170667099.84     
   184   0.1574702131569E+15    5     0 2  1 2  0
   157470213156904.     
   185   -1621289616.709        5     1 0  2 2  0
  -1621289616.70892     
   186    30606269230.00        5     0 1  2 2  0
   30606269230.0028     
   187   -109031558911.7        5     0 0  3 2  0
  -109031558911.730     
   188    527664398.7763        5     3 0  0 1  1
   527664398.776277     
   189    66798176859.02        5     2 1  0 1  1
   66798176859.0242     
   190    2990519684395.        5     1 2  0 1  1
   2990519684394.60     
   191   0.4784535390507E+14    5     0 3  0 1  1
   47845353905073.8     
   192    329647764.9083        5     2 0  1 1  1
   329647764.908320     
   193    28884416080.31        5     1 1  1 1  1
   28884416080.3128     
   194    770738758147.1        5     0 2  1 1  1
   770738758147.132     
   195    1107807872.965        5     1 0  2 1  1
   1107807872.96515     
   196    61051090431.90        5     0 1  2 1  1
   61051090431.8989     
   197   -416361326.6301        5     0 0  3 1  1
  -416361326.630132     
   198    7714441.262033        5     3 0  0 0  2
   7714441.26203315     
   199    1115278439.090        5     2 1  0 0  2
   1115278439.08996     
   200    56209351038.58        5     1 2  0 0  2
   56209351038.5761     
   201    993916386998.3        5     0 3  0 0  2
   993916386998.344     
   202    1376031.865444        5     2 0  1 0  2
   1376031.86544361     
   203    108790865.9564        5     1 1  1 0  2
   108790865.956404     
   204    3965471417.247        5     0 2  1 0  2
   3965471417.24700     
   205    2761251.221996        5     1 0  2 0  2
   2761251.22199619     
   206    126352369.5425        5     0 1  2 0  2
   126352369.542454     
   207    3247840.828382        5     0 0  3 0  2
   3247840.82838187     
   208   -1520628682880.        5     2 0  0 3  0
  -1520628682879.98     
   209  -0.1572749510244E+15    5     1 1  0 3  0
  -157274951024448.     
   210  -0.4605915350477E+16    5     0 2  0 3  0
 -4.605915350477026E+015
   211   -13069158521.84        5     1 0  1 3  0
  -13069158521.8448     
   212   -5246214033297.        5     0 1  1 3  0
  -5246214033296.84     
   213    9175667480930.        5     0 0  2 3  0
   9175667480929.51     
   214   -6116564013.286        5     2 0  0 2  1
  -6116564013.28567     
   215   -462437623759.6        5     1 1  0 2  1
  -462437623759.592     
   216  -0.1275486419151E+14    5     0 2  0 2  1
  -12754864191505.7     
   217   -93708352941.48        5     1 0  1 2  1
  -93708352941.4756     
   218   -5155371084775.        5     0 1  1 2  1
  -5155371084775.28     
   219    48647126134.83        5     0 0  2 2  1
   48647126134.8338     
   220   -844535370.2258        5     2 0  0 1  2
  -844535370.225818     
   221   -71548149203.83        5     1 1  0 1  2
  -71548149203.8270     
   222   -1724145996610.        5     0 2  0 1  2
  -1724145996609.75     
   223   -536337038.4648        5     1 0  1 1  2
  -536337038.464816     
   224   -23900639508.43        5     0 1  1 1  2
  -23900639508.4317     
   225   -840541713.3541        5     0 0  2 1  2
  -840541713.354115     
   226   -13183111.56432        5     2 0  0 0  3
  -13183111.5643185     
   227   -1289218962.718        5     1 1  0 0  3
  -1289218962.71756     
   228   -33216747264.87        5     0 2  0 0  3
  -33216747264.8679     
   229   -233112.8827906        5     1 0  1 0  3
  -233112.882790587     
   230   -23270706.28564        5     0 1  1 0  3
  -23270706.2856439     
   231   -1740910.250793        5     0 0  2 0  3
  -1740910.25079276     
   232    3081555542594.        5     1 0  0 4  0
   3081555542594.02     
   233   0.2197635960487E+15    5     0 1  0 4  0
   219763596048720.     
   234  -0.3914483368032E+15    5     0 0  1 4  0
  -391448336803203.     
   235    2810782627597.        5     1 0  0 3  1
   2810782627596.61     
   236   0.1527725209946E+15    5     0 1  0 3  1
   152772520994616.     
   237   -2516375082114.        5     0 0  1 3  1
  -2516375082113.89     
   238    10021719895.04        5     1 0  0 2  2
   10021719895.0427     
   239    381651577516.7        5     0 1  0 2  2
   381651577516.690     
   240    72924556384.84        5     0 0  1 2  2
   72924556384.8405     
   241    650735977.9648        5     1 0  0 1  3
   650735977.964814     
   242    30047390079.57        5     0 1  0 1  3
   30047390079.5684     
   243    343575561.0726        5     0 0  1 1  3
   343575561.072587     
   244    11096354.71571        5     1 0  0 0  4
   11096354.7157060     
   245    560618361.1413        5     0 1  0 0  4
   560618361.141262     
   246    75778.46268689        5     0 0  1 0  4
   75778.4626868904     
   247   0.6829382493401E+16    5     0 0  0 5  0
  6.829382493400765E+015
   248   0.4699286988960E+14    5     0 0  0 4  1
   46992869889595.4     
   249   -2242920303512.        5     0 0  0 3  2
  -2242920303512.10     
   250   -7304102178.182        5     0 0  0 2  3
  -7304102178.18231     
   251   -224621275.3345        5     0 0  0 1  4
  -224621275.334474     
   252   -3783509.551674        5     0 0  0 0  5
  -3783509.55167373     
                                      

 etall    1, NO =    5, NV =    5, INA =   23
 *********************************************

    I  COEFFICIENT          ORDER   EXPONENTS
     1    1.000000000000        1     0 0  0 0  1
   1.00000000000000     
                                      

 etall    1, NO =    5, NV =    5, INA =   34
 *********************************************

    I  COEFFICIENT          ORDER   EXPONENTS
     1   0.2812973918189E-03    0     0 0  0 0  0
  2.812973918189243E-004
     2   0.3435048528719E-01    1     1 0  0 0  0
  3.435048528719076E-002
     3    2.711953611259        1     0 1  0 0  0
   2.71195361125913     
     4  -0.1160787907574E-03    1     0 0  1 0  0
 -1.160787907573714E-004
     5  -0.3058599800562E-02    1     0 0  0 1  0
 -3.058599800561829E-003
     6    8.266392603965        1     0 0  0 0  1
   8.26639260396503     
     7  -0.3554584923585        2     2 0  0 0  0
 -0.355458492358478     
     8   -29.55206572748        2     1 1  0 0  0
  -29.5520657274752     
     9   -637.8736807771        2     0 2  0 0  0
  -637.873680777104     
    10  -0.2841364704026        2     1 0  1 0  0
 -0.284136470402563     
    11   -11.40744567049        2     0 1  1 0  0
  -11.4074456704913     
    12  -0.6062335334088        2     0 0  2 0  0
 -0.606233533408840     
    13    14.55320748510        2     1 0  0 1  0
   14.5532074850986     
    14    654.8548547680        2     0 1  0 1  0
   654.854854768003     
    15    82.01531398530        2     0 0  1 1  0
   82.0153139853002     
    16   0.5510143907061        2     1 0  0 0  1
  0.551014390706097     
    17    36.36332342255        2     0 1  0 0  1
   36.3633234225492     
    18   0.1269557762238        2     0 0  1 0  1
  0.126955776223786     
    19   -2885.634744820        2     0 0  0 2  0
  -2885.63474481980     
    20   -8.934381922948        2     0 0  0 1  1
  -8.93438192294789     
    21    2.737570189549        2     0 0  0 0  2
   2.73757018954910     
    22   -7.469239392056        3     3 0  0 0  0
  -7.46923939205632     
    23   -285.8444226950        3     2 1  0 0  0
  -285.844422694951     
    24    30502.81173691        3     1 2  0 0  0
   30502.8117369075     
    25    1278489.869371        3     0 3  0 0  0
   1278489.86937086     
    26    18.96169068595        3     2 0  1 0  0
   18.9616906859486     
    27    1908.209754854        3     1 1  1 0  0
   1908.20975485435     
    28    38605.31564779        3     0 2  1 0  0
   38605.3156477930     
    29    7.889653913093        3     1 0  2 0  0
   7.88965391309253     
    30   -411.3879281644        3     0 1  2 0  0
  -411.387928164372     
    31   -9.967989697992        3     0 0  3 0  0
  -9.96798969799237     
    32   -2444.050494824        3     2 0  0 1  0
  -2444.05049482439     
    33   -205396.0667208        3     1 1  0 1  0
  -205396.066720754     
    34   -3905550.885649        3     0 2  0 1  0
  -3905550.88564896     
    35   -1424.374044210        3     1 0  1 1  0
  -1424.37404421001     
    36    57564.38178208        3     0 1  1 1  0
   57564.3817820786     
    37    2062.447620405        3     0 0  2 1  0
   2062.44762040533     
    38   0.9396877448114        3     2 0  0 0  1
  0.939687744811419     
    39   -662.7555013295        3     1 1  0 0  1
  -662.755501329455     
    40   -47863.08054673        3     0 2  0 0  1
  -47863.0805467256     
    41   -26.17902560428        3     1 0  1 0  1
  -26.1790256042847     
    42   -1292.223022096        3     0 1  1 0  1
  -1292.22302209598     
    43    29.26616689921        3     0 0  2 0  1
   29.2661668992069     
    44    74708.02664017        3     1 0  0 2  0
   74708.0266401674     
    45   -1974227.498315        3     0 1  0 2  0
  -1974227.49831532     
    46   -148899.3600637        3     0 0  1 2  0
  -148899.360063661     
    47    1809.120783636        3     1 0  0 1  1
   1809.12078363625     
    48    87825.37035374        3     0 1  0 1  1
   87825.3703537405     
    49   -4860.583243361        3     0 0  1 1  1
  -4860.58324336054     
    50   -22.80724235372        3     1 0  0 0  2
  -22.8072423537161     
    51   -687.1548875485        3     0 1  0 0  2
  -687.154887548541     
    52    18.28087054020        3     0 0  1 0  2
   18.2808705401975     
    53    3677675.626588        3     0 0  0 3  0
   3677675.62658806     
    54    218484.8512660        3     0 0  0 2  1
   218484.851266017     
    55   -1042.850889650        3     0 0  0 1  2
  -1042.85088965035     
    56    14.39093085951        3     0 0  0 0  3
   14.3909308595083     
    57    11758.53965277        4     4 0  0 0  0
   11758.5396527746     
    58    2222510.732563        4     3 1  0 0  0
   2222510.73256336     
    59    159255048.9711        4     2 2  0 0  0
   159255048.971104     
    60    5180457169.349        4     1 3  0 0  0
   5180457169.34916     
    61    65799413889.03        4     0 4  0 0  0
   65799413889.0291     
    62    3522.998266642        4     3 0  1 0  0
   3522.99826664157     
    63    308463.4130115        4     2 1  1 0  0
   308463.413011477     
    64    8512271.207343        4     1 2  1 0  0
   8512271.20734313     
    65    52785936.31860        4     0 3  1 0  0
   52785936.3185957     
    66    12218.99326686        4     2 0  2 0  0
   12218.9932668604     
    67    1080863.028495        4     1 1  2 0  0
   1080863.02849520     
    68    26921027.03378        4     0 2  2 0  0
   26921027.0337819     
    69   -311.7611592761        4     1 0  3 0  0
  -311.761159276103     
    70   -28094.85109356        4     0 1  3 0  0
  -28094.8510935577     
    71    3294.876353904        4     0 0  4 0  0
   3294.87635390428     
    72   -311325.3899425        4     3 0  0 1  0
  -311325.389942548     
    73   -29653543.56780        4     2 1  0 1  0
  -29653543.5678040     
    74   -904125235.7869        4     1 2  0 1  0
  -904125235.786883     
    75   -7980278467.460        4     0 3  0 1  0
  -7980278467.45972     
    76   -1540989.460248        4     2 0  1 1  0
  -1540989.46024813     
    77   -136418009.0502        4     1 1  1 1  0
  -136418009.050158     
    78   -3498437488.997        4     0 2  1 1  0
  -3498437488.99658     
    79    131790.5867085        4     1 0  2 1  0
   131790.586708537     
    80    8685603.295799        4     0 1  2 1  0
   8685603.29579887     
    81   -972219.5209862        4     0 0  3 1  0
  -972219.520986206     
    82   -25483.48226678        4     3 0  0 0  1
  -25483.4822667776     
    83   -3858647.293713        4     2 1  0 0  1
  -3858647.29371274     
    84   -199006653.3041        4     1 2  0 0  1
  -199006653.304102     
    85   -3756914734.466        4     0 3  0 0  1
  -3756914734.46604     
    86    2117.075902783        4     2 0  1 0  1
   2117.07590278335     
    87    324177.8835118        4     1 1  1 0  1
   324177.883511830     
    88    9280078.024458        4     0 2  1 0  1
   9280078.02445777     
    89   -12666.64274357        4     1 0  2 0  1
  -12666.6427435703     
    90   -905917.7198001        4     0 1  2 0  1
  -905917.719800084     
    91    1874.254745342        4     0 0  3 0  1
   1874.25474534214     
    92    55542828.40445        4     2 0  0 2  0
   55542828.4044524     
    93    4880263367.497        4     1 1  0 2  0
   4880263367.49660     
    94    131161501324.8        4     0 2  0 2  0
   131161501324.795     
    95   -14400868.13956        4     1 0  1 2  0
  -14400868.1395617     
    96   -802162623.3294        4     0 1  1 2  0
  -802162623.329411     
    97    109195581.8657        4     0 0  2 2  0
   109195581.865731     
    98    78488.82582686        4     2 0  0 1  1
   78488.8258268620     
    99   -1326043.736780        4     1 1  0 1  1
  -1326043.73677985     
   100   -127590128.2443        4     0 2  0 1  1
  -127590128.244307     
   101    1665761.973677        4     1 0  1 1  1
   1665761.97367749     
   102    126101022.0054        4     0 1  1 1  1
   126101022.005367     
   103   -402920.3899543        4     0 0  2 1  1
  -402920.389954316     
   104    44293.38926576        4     2 0  0 0  2
   44293.3892657577     
   105    4933095.522362        4     1 1  0 0  2
   4933095.52236219     
   106    153648510.8727        4     0 2  0 0  2
   153648510.872665     
   107   -3217.105675492        4     1 0  1 0  2
  -3217.10567549204     
   108   -238926.3158252        4     0 1  1 0  2
  -238926.315825216     
   109    10788.06555091        4     0 0  2 0  2
   10788.0655509057     
   110    513689585.5691        4     1 0  0 3  0
   513689585.569139     
   111    23771633675.30        4     0 1  0 3  0
   23771633675.3034     
   112   -5461803019.352        4     0 0  1 3  0
  -5461803019.35249     
   113   -62812026.64121        4     1 0  0 2  1
  -62812026.6412148     
   114   -5287025992.068        4     0 1  0 2  1
  -5287025992.06839     
   115    29118731.02788        4     0 0  1 2  1
   29118731.0278802     
   116   -158572.5590822        4     1 0  0 1  2
  -158572.559082214     
   117   -2010279.910479        4     0 1  0 1  2
  -2010279.91047866     
   118   -1500775.288023        4     0 0  1 1  2
  -1500775.28802279     
   119   -47421.01717976        4     1 0  0 0  3
  -47421.0171797631     
   120   -3198789.667429        4     0 1  0 0  3
  -3198789.66742865     
   121    1563.740969734        4     0 0  1 0  3
   1563.74096973375     
   122    102689702794.1        4     0 0  0 4  0
   102689702794.122     
   123   -629177926.9317        4     0 0  0 3  1
  -629177926.931731     
   124    66372722.74210        4     0 0  0 2  2
   66372722.7420987     
   125    100088.4264129        4     0 0  0 1  3
   100088.426412881     
   126    25735.81254847        4     0 0  0 0  4
   25735.8125484680     
   127    3606572.090702        5     5 0  0 0  0
   3606572.09070158     
   128    660736875.3712        5     4 1  0 0  0
   660736875.371217     
   129    48597364464.47        5     3 2  0 0  0
   48597364464.4694     
   130    1731074315795.        5     2 3  0 0  0
   1731074315795.41     
   131   0.2810546154600E+14    5     1 4  0 0  0
   28105461546003.1     
   132   0.1242606445166E+15    5     0 5  0 0  0
   124260644516649.     
   133   -3003925.838931        5     4 0  1 0  0
  -3003925.83893068     
   134   -527117982.3651        5     3 1  1 0  0
  -527117982.365133     
   135   -36615055903.00        5     2 2  1 0  0
  -36615055903.0049     
   136   -1182581827713.        5     1 3  1 0  0
  -1182581827712.58     
   137  -0.1497143049584E+14    5     0 4  1 0  0
  -14971430495837.3     
   138   -1122253.191732        5     3 0  2 0  0
  -1122253.19173237     
   139   -76401470.64249        5     2 1  2 0  0
  -76401470.6424893     
   140   -842230706.6019        5     1 2  2 0  0
  -842230706.601903     
   141    49113811006.06        5     0 3  2 0  0
   49113811006.0597     
   142    3016933.926141        5     2 0  3 0  0
   3016933.92614087     
   143    271544953.1746        5     1 1  3 0  0
   271544953.174627     
   144    7014724910.372        5     0 2  3 0  0
   7014724910.37196     
   145   -321919.8309325        5     1 0  4 0  0
  -321919.830932518     
   146    20216117.40654        5     0 1  4 0  0
   20216117.4065424     
   147   -605165.1150362        5     0 0  5 0  0
  -605165.115036229     
   148    161503684.8295        5     4 0  0 1  0
   161503684.829523     
   149    27374319907.49        5     3 1  0 1  0
   27374319907.4875     
   150    1827263939179.        5     2 2  0 1  0
   1827263939179.36     
   151   0.5650487428471E+14    5     1 3  0 1  0
   56504874284709.4     
   152   0.6820728663618E+15    5     0 4  0 1  0
   682072866361780.     
   153    154813986.0285        5     3 0  1 1  0
   154813986.028472     
   154    9603349664.815        5     2 1  1 1  0
   9603349664.81489     
   155    53023143301.65        5     1 2  1 1  0
   53023143301.6491     
   156   -8116015135433.        5     0 3  1 1  0
  -8116015135433.18     
   157   -604048086.0228        5     2 0  2 1  0
  -604048086.022845     
   158   -54237565564.11        5     1 1  2 1  0
  -54237565564.1145     
   159   -1398043254489.        5     0 2  2 1  0
  -1398043254488.53     
   160    69490781.15596        5     1 0  3 1  0
   69490781.1559592     
   161   -7238342843.194        5     0 1  3 1  0
  -7238342843.19371     
   162    212445724.0051        5     0 0  4 1  0
   212445724.005119     
   163   -54311.42847282        5     4 0  0 0  1
  -54311.4284728218     
   164    462728495.3675        5     3 1  0 0  1
   462728495.367528     
   165    67892193505.78        5     2 2  0 0  1
   67892193505.7761     
   166    3373202216168.        5     1 3  0 0  1
   3373202216167.55     
   167   0.5910494765697E+14    5     0 4  0 0  1
   59104947656967.6     
   168    5528960.977291        5     3 0  1 0  1
   5528960.97729060     
   169    898547648.1674        5     2 1  1 0  1
   898547648.167437     
   170    48610870681.90        5     1 2  1 0  1
   48610870681.9006     
   171    911927747537.4        5     0 3  1 0  1
   911927747537.411     
   172   -2126443.347168        5     2 0  2 0  1
  -2126443.34716842     
   173   -322282471.3910        5     1 1  2 0  1
  -322282471.390999     
   174   -12737260031.74        5     0 2  2 0  1
  -12737260031.7437     
   175   -2773707.430660        5     1 0  3 0  1
  -2773707.43065997     
   176   -210386986.2304        5     0 1  3 0  1
  -210386986.230448     
   177   -1711122.610447        5     0 0  4 0  1
  -1711122.61044692     
   178   -8376417374.323        5     3 0  0 2  0
  -8376417374.32252     
   179   -612019003825.5        5     2 1  0 2  0
  -612019003825.469     
   180  -0.1073439901893E+14    5     1 2  0 2  0
  -10734399018930.8     
   181   0.2150004593760E+15    5     0 3  0 2  0
   215000459375958.     
   182    42933239404.36        5     2 0  1 2  0
   42933239404.3604     
   183    3822086833250.        5     1 1  1 2  0
   3822086833250.48     
   184   0.9783948696840E+14    5     0 2  1 2  0
   97839486968401.0     
   185   -5945614336.720        5     1 0  2 2  0
  -5945614336.72012     
   186    929175844552.2        5     0 1  2 2  0
   929175844552.238     
   187   -30840906114.50        5     0 0  3 2  0
  -30840906114.4972     
   188   -164986414.6298        5     3 0  0 1  1
  -164986414.629806     
   189   -25975495650.38        5     2 1  0 1  1
  -25975495650.3774     
   190   -1340433229502.        5     1 2  0 1  1
  -1340433229502.08     
   191  -0.2406855919528E+14    5     0 3  0 1  1
  -24068559195277.4     
   192    210845766.2413        5     2 0  1 1  1
   210845766.241265     
   193    37428064383.12        5     1 1  1 1  1
   37428064383.1176     
   194    1655262533877.        5     0 2  1 1  1
   1655262533876.96     
   195    559098385.2526        5     1 0  2 1  1
   559098385.252615     
   196    42024154467.02        5     0 1  2 1  1
   42024154467.0171     
   197    500965332.5147        5     0 0  3 1  1
   500965332.514709     
   198   -16135887.29536        5     3 0  0 0  2
  -16135887.2953635     
   199   -3296861184.696        5     2 1  0 0  2
  -3296861184.69633     
   200   -205419269785.3        5     1 2  0 0  2
  -205419269785.307     
   201   -4313808536745.        5     0 3  0 0  2
  -4313808536744.71     
   202   -11874097.67505        5     2 0  1 0  2
  -11874097.6750533     
   203   -1319006157.904        5     1 1  1 0  2
  -1319006157.90377     
   204   -38119799475.87        5     0 2  1 0  2
  -38119799475.8717     
   205    5350823.202783        5     1 0  2 0  2
   5350823.20278283     
   206    441911564.1858        5     0 1  2 0  2
   441911564.185815     
   207    3178785.909781        5     0 0  3 0  2
   3178785.90978085     
   208   -1025849048315.        5     2 0  0 3  0
  -1025849048315.01     
   209  -0.8967966548057E+14    5     1 1  0 3  0
  -89679665480574.5     
   210  -0.2261286746492E+16    5     0 2  0 3  0
 -2.261286746492495E+015
   211    251531325227.4        5     1 0  1 3  0
   251531325227.443     
   212  -0.5155293969220E+14    5     0 1  1 3  0
  -51552939692200.4     
   213    2299528674656.        5     0 0  2 3  0
   2299528674655.61     
   214   -2558327796.280        5     2 0  0 2  1
  -2558327796.28025     
   215   -994458247636.0        5     1 1  0 2  1
  -994458247635.951     
   216  -0.5602087260296E+14    5     0 2  0 2  1
  -56020872602963.4     
   217   -38939296552.27        5     1 0  1 2  1
  -38939296552.2729     
   218   -2916114196469.        5     0 1  1 2  1
  -2916114196468.72     
   219   -56738638220.28        5     0 0  2 2  1
  -56738638220.2835     
   220    265140592.0905        5     2 0  0 1  2
   265140592.090464     
   221    29610217732.61        5     1 1  0 1  2
   29610217732.6140     
   222    846322424346.5        5     0 2  0 1  2
   846322424346.474     
   223   -605911069.2485        5     1 0  1 1  2
  -605911069.248472     
   224   -57221292563.00        5     0 1  1 1  2
  -57221292562.9957     
   225   -643273051.0293        5     0 0  2 1  2
  -643273051.029250     
   226    38534772.35391        5     2 0  0 0  3
   38534772.3539077     
   227    4572195425.076        5     1 1  0 0  3
   4572195425.07602     
   228    139613076310.0        5     0 2  0 0  3
   139613076310.035     
   229    12642386.51453        5     1 0  1 0  3
   12642386.5145347     
   230    767310143.6881        5     0 1  1 0  3
   767310143.688146     
   231   -4678746.741398        5     0 0  2 0  3
  -4678746.74139846     
   232   -5109539522921.        5     1 0  0 4  0
  -5109539522921.14     
   233   0.1047621609349E+16    5     0 1  0 4  0
  1.047621609348842E+015
   234  -0.8787060337480E+14    5     0 0  1 4  0
  -87870603374802.3     
   235    845284934151.0        5     1 0  0 3  1
   845284934151.008     
   236   0.6410256105019E+14    5     0 1  0 3  1
   64102561050189.2     
   237    2938480010259.        5     0 0  1 3  1
   2938480010259.04     
   238    17264638456.61        5     1 0  0 2  2
   17264638456.6094     
   239    2006380746857.        5     0 1  0 2  2
   2006380746857.17     
   240    45460114888.71        5     0 0  1 2  2
   45460114888.7059     
   241   -239136323.3186        5     1 0  0 1  3
  -239136323.318580     
   242   -15695068407.55        5     0 1  0 1  3
  -15695068407.5459     
   243    612023390.2984        5     0 0  1 1  3
   612023390.298399     
   244   -35828714.88459        5     1 0  0 0  4
  -35828714.8845866     
   245   -2210588320.446        5     0 1  0 0  4
  -2210588320.44631     
   246   -5729308.377061        5     0 0  1 0  4
  -5729308.37706118     
   247   0.1368167811749E+16    5     0 0  0 5  0
  1.368167811748538E+015
   248  -0.5922431888448E+14    5     0 0  0 4  1
  -59224318884480.1     
   249   -1020865518218.        5     0 0  0 3  2
  -1020865518218.40     
   250   -21913522378.36        5     0 0  0 2  3
  -21913522378.3602     
   251    102766945.6203        5     0 0  0 1  4
   102766945.620251     
   252    13686544.81544        5     0 0  0 0  5
   13686544.8154388     
                                      
